QGeoWEPP-demo/Example_Data/Rangeland/dem.asc
ncols         399
nrows         465
xllcorner     582812.170748
yllcorner     3499214.363749
cellsize      30
NODATA_value  -9999
[rows 84 to 111 of 465, columns 189 to 251 of 399]
1332.714 1332.763 1333.489 1334.01 1334.688 1334.719 1333.951 1333.065 1332.559 1332.059 1331.969 1332.863 1334.091 1334.368 1333.202 1332.038 1329.671 1328.447 1327.953 1327.388 1326.677 1326.159 1326.787 1327.772 1329.579 1330.838 1332.37 1334.454 1338.222 1342.591 1345.589 1348.502 1349.345 1347.763 1344.653 1341.278 1339.693 1339.459 1340.623 1341.543 1342.457 1344.372 1347.633 1351.944 1355.659 1357.417 1358.163 1357.849 1357.797 1357.901 1358.084 1357.453 1357.611 1359.522 1360.627 1361.178 1361.602 1363.177 1364.248 1365.223 1365.482 1365.109 1365.507
1333.455 1333.713 1334.346 1334.73 1335.28 1335.444 1334.935 1334.297 1333.886 1333.499 1333.406 1333.573 1334.139 1334.637 1334.444 1333.957 1332.278 1331.125 1331.189 1329.868 1327.686 1326.328 1326.275 1326.94 1328.614 1329.795 1331.038 1332.728 1335.545 1339.837 1343.299 1345.928 1346.271 1344.133 1340.179 1336.862 1336.286 1338.897 1340.89 1342.549 1344.351 1347.181 1349.874 1352.85 1355.788 1357.607 1358.667 1359.238 1359.634 1360.176 1360.449 1360.786 1361.043 1362.267 1362.531 1362.195 1362.442 1364.085 1364.827 1364.972 1365.643 1365.705 1365.859
1334.213 1334.485 1334.766 1335.386 1335.882 1336.004 1335.753 1335.204 1334.85 1334.749 1334.566 1334.126 1334.359 1334.938 1335.333 1335.094 1334.096 1333.346 1333.824 1332.88 1329.852 1327.151 1326.116 1326.453 1327.706 1328.762 1329.84 1331.374 1333.497 1336.987 1340.484 1342.951 1342.455 1339.893 1336.6 1334.719 1336.686 1340.641 1342.007 1343.954 1346.225 1348.519 1350.168 1351.538 1354.87 1357.432 1358.528 1359.168 1359.696 1360.96 1362.169 1363.109 1363.973 1364.243 1363.524 1362.379 1362.245 1362.979 1363.221 1363.865 1364.896 1365.637 1365.691
1335.578 1335.186 1334.9 1335.615 1336.468 1336.719 1336.52 1335.99 1335.777 1335.617 1335.157 1334.439 1334.784 1335.543 1335.901 1335.518 1334.816 1334.198 1334.846 1334.771 1332.642 1329.267 1326.811 1326.274 1326.811 1327.758 1328.762 1329.873 1331.412 1334.121 1337.174 1339.565 1337.889 1335.988 1335.002 1334.968 1338.328 1341.432 1342.41 1345.324 1347.984 1349.765 1351.25 1353.366 1355.481 1356.828 1357.361 1357.471 1358.407 1360.698 1363.064 1364.309 1364.72 1363.898 1362.62 1361.209 1360.459 1360.408 1360.06 1362.561 1364.674 1365.605 1365.293
1336.976 1336.119 1335.369 1335.85 1337.103 1337.594 1337.236 1336.846 1336.787 1336.248 1335.815 1335.123 1335.485 1336.267 1336.484 1336.056 1335.479 1335.02 1335.684 1335.724 1334.676 1332.074 1328.539 1326.502 1326.12 1326.82 1327.703 1328.419 1329.34 1331.319 1333.569 1335.728 1334.583 1334.393 1335.48 1336.703 1339.388 1341.336 1343.645 1347.39 1349.806 1351.433 1352.978 1355.38 1356.307 1355.458 1354.282 1355.527 1357.677 1360.142 1362.908 1364.407 1363.534 1361.706 1359.865 1358.575 1358.147 1357.975 1358.773 1362.297 1365.292 1365.779 1365.421
1338.347 1337.297 1336.858 1336.881 1337.824 1338.445 1338.184 1337.829 1337.781 1337.215 1336.933 1336.285 1336.49 1336.939 1337.01 1336.783 1336.539 1336.428 1336.496 1336.421 1335.709 1334.08 1330.61 1327.54 1326.315 1326.259 1326.79 1327.487 1328.187 1329.452 1330.988 1332.889 1333.266 1334.175 1336.501 1339.115 1341.368 1342.918 1345.975 1349.264 1350.604 1351.711 1353.161 1354.749 1355.239 1353.181 1351.316 1354.397 1357.756 1359.749 1361.631 1362.572 1361.492 1359.464 1357.268 1355.58 1355.978 1357.492 1360.296 1363.654 1365.482 1365.409 1364.581
1339.913 1339.077 1338.69 1338.69 1339.246 1339.605 1339.495 1339.017 1338.766 1338.517 1338.482 1337.777 1337.618 1337.654 1337.691 1337.632 1337.577 1337.562 1337.041 1336.616 1335.878 1334.632 1332.323 1329.886 1328.263 1327.018 1326.432 1326.888 1327.714 1329.054 1330.508 1332.015 1332.618 1333.614 1336.56 1340.144 1342.487 1344.099 1346.769 1349.109 1349.819 1350.604 1351.811 1352.876 1352.846 1350.916 1349.971 1353.648 1357.426 1359.253 1360.139 1360.343 1359.101 1357.159 1354.385 1352.212 1354.292 1358.261 1361.206 1363.494 1363.823 1363.12 1362.165
1341.17 1340.71 1340.115 1340.333 1340.618 1340.725 1340.627 1340.093 1339.772 1339.353 1339.516 1338.982 1338.67 1338.436 1338.412 1338.18 1338.048 1338.043 1337.403 1336.524 1335.561 1334.577 1333.741 1332.927 1331.419 1329.473 1327.774 1327.197 1327.853 1329.777 1331.382 1332.473 1332.613 1332.909 1335.488 1339.14 1341.697 1343.195 1345.382 1346.868 1347.728 1348.703 1349.724 1350.587 1350.399 1349.211 1349.292 1352.724 1356.13 1357.988 1358.85 1358.939 1357.533 1353.997 1351.263 1350.598 1354.234 1358.408 1360.38 1360.771 1359.38 1359.769 1359.094
1342.673 1342.024 1341.74 1341.056 1341.534 1341.716 1341.622 1341.101 1340.792 1340.572 1340.064 1339.711 1339.541 1339.371 1339.092 1338.86 1338.806 1338.63 1338.279 1337.134 1335.977 1335.174 1334.796 1334.62 1333.598 1332.196 1330.932 1329.456 1329.411 1331.019 1332.461 1333.506 1333.442 1332.857 1334.234 1337.282 1340.052 1341.442 1342.876 1343.72 1344.834 1345.837 1346.569 1347.206 1347.255 1346.949 1348.693 1351.538 1354.396 1356.432 1357.662 1357.778 1356.339 1351.603 1349.63 1351.035 1355.151 1358.135 1358.06 1356.513 1354.904 1356.804 1356.071
1344.001 1343.163 1342.865 1341.885 1342.3 1342.654 1342.627 1342.103 1341.695 1341.164 1340.744 1340.142 1339.993 1339.962 1339.853 1339.808 1339.692 1339.161 1338.821 1337.91 1336.97 1336.368 1335.711 1335.071 1334.12 1333.961 1333.581 1332.399 1332.099 1332.549 1333.077 1334.054 1334.303 1333.541 1333.36 1335.294 1337.823 1339.375 1340.233 1340.814 1341.43 1341.967 1342.745 1343.465 1343.91 1344.594 1348.382 1350.596 1352.881 1354.691 1355.876 1355.763 1354.08 1350.357 1349.226 1351.366 1354.99 1357.042 1356.168 1352.17 1352.248 1355.457 1354.865
1344.888 1344.786 1344.02 1342.237 1342.119 1343.097 1343.544 1343.048 1342.173 1341.793 1341.103 1340.727 1340.597 1340.603 1340.631 1340.608 1340.189 1339.87 1339.145 1338.395 1337.801 1337.148 1336.194 1335.346 1334.311 1334.612 1334.556 1333.987 1333.968 1333.886 1333.606 1333.975 1334.152 1333.786 1332.92 1333.6 1335.278 1336.992 1337.876 1338.344 1337.881 1338.874 1340.832 1342.205 1343.561 1345.192 1348.991 1350.38 1351.562 1352.384 1352.781 1352.249 1350.903 1348.697 1348.58 1350.657 1353.199 1354.763 1353.691 1349.146 1351.355 1353.975 1354.322
1346.842 1346.313 1345.057 1343.057 1342.109 1342.839 1343.952 1343.994 1343.064 1342.165 1341.764 1341.106 1340.964 1340.971 1340.983 1340.968 1340.895 1340.806 1339.985 1339.386 1338.811 1337.977 1336.974 1336.116 1335.062 1334.807 1334.776 1334.417 1334.538 1334.592 1334.14 1333.902 1333.854 1333.736 1332.98 1332.606 1333.208 1334.519 1335.683 1336.086 1335.612 1338.631 1341.569 1343.236 1345.756 1347.631 1349.562 1349.875 1350.001 1350.033 1349.602 1348.679 1347.749 1346.209 1346.786 1348.71 1350.23 1351.029 1350.041 1345.717 1348.026 1350.297 1350.291
1348.611 1348.016 1346.222 1343.31 1342.149 1342.726 1344.138 1344.814 1344.149 1343.179 1342.173 1341.836 1341.713 1341.734 1341.837 1341.866 1341.849 1341.704 1340.838 1340.144 1339.704 1338.993 1337.99 1337.007 1335.766 1334.99 1334.828 1334.706 1334.765 1334.834 1334.734 1334.232 1333.896 1333.767 1333.09 1332.33 1332.219 1332.917 1333.739 1334.215 1334.846 1338.766 1341.61 1343.297 1345.992 1347.739 1348.365 1348.071 1348.034 1347.98 1347.331 1346.255 1345.153 1343.607 1344.515 1346.384 1347.314 1347.418 1346.625 1343.247 1343.551 1344.792 1344.851
1349.69 1349.047 1347.218 1344.231 1342.301 1342.517 1344.923 1346.611 1346.065 1345.076 1343.941 1343.021 1342.796 1342.861 1343.267 1343.084 1342.851 1342.13 1341.182 1340.806 1340.605 1339.989 1338.938 1337.425 1335.479 1334.934 1334.949 1334.905 1334.854 1334.939 1335.487 1335.056 1334.201 1333.819 1333.152 1332.575 1332.113 1332.111 1332.337 1332.831 1333.938 1336.62 1339.146 1341.4 1343.69 1345.42 1345.684 1345.394 1345.951 1346.152 1345.388 1344.291 1343.355 1342.158 1343.396 1344.818 1345.183 1345.038 1344.244 1342.522 1341.875 1342.145 1342.86
1350.34 1350.038 1347.449 1345.886 1344.696 1345.18 1347.31 1349.035 1348.308 1347.063 1345.973 1345.5 1344.783 1344.586 1344.633 1344.175 1343.873 1343.027 1341.973 1341.778 1341.636 1340.983 1339.782 1337.481 1335.304 1335.329 1335.56 1335.155 1334.854 1335.02 1336.148 1336.027 1335.008 1334.142 1333.352 1332.905 1332.349 1332.032 1331.904 1332.057 1332.835 1334.281 1336.113 1338.422 1340.68 1342.053 1342.741 1343.064 1344.34 1344.786 1343.852 1342.745 1342.295 1341.943 1343.183 1343.696 1343.449 1343.104 1342.517 1341.876 1342.175 1343.689 1345.023
1351.242 1350.403 1348.224 1347.7 1347.443 1347.589 1348.959 1350.278 1350.052 1349.085 1348.728 1347.743 1347.288 1346.695 1346.047 1345.773 1345.218 1344.186 1343.138 1343.316 1342.949 1342.02 1340.276 1336.873 1335.821 1337.952 1337.034 1335.55 1334.952 1335.276 1336.55 1336.891 1336.012 1334.953 1334.042 1333.542 1333.03 1332.614 1332.199 1331.893 1332.103 1332.836 1333.901 1335.35 1337.172 1338.742 1340.898 1342.18 1343.342 1343.736 1342.974 1342.062 1341.854 1341.854 1342.66 1342.599 1342.096 1341.625 1341.387 1341.68 1343.925 1347.572 1349.537
1352.993 1351.634 1349.937 1349.646 1349.471 1348.872 1349.084 1350.208 1351.446 1352.515 1351.006 1349.745 1348.792 1347.995 1347.607 1347.709 1347.788 1346.94 1345.755 1345.406 1344.714 1343.549 1341.468 1339.395 1340.657 1341.157 1339.041 1336.47 1335.81 1336.711 1337.727 1337.867 1337.13 1336.078 1335.027 1334.3 1333.835 1333.18 1332.754 1332.161 1332.039 1332.246 1332.584 1333.178 1334.419 1336.114 1338.731 1340.474 1341.15 1341.582 1341.62 1341.393 1341.539 1341.651 1341.88 1341.714 1341.33 1341.196 1342 1343.809 1348.216 1352.978 1354.7
1355.509 1352.933 1350.261 1349.847 1350.516 1349.812 1349.344 1350.271 1352.806 1356.686 1355.799 1351.964 1349.962 1348.585 1348.45 1349.41 1349.877 1349.845 1348.791 1347.603 1346.026 1343.871 1342.144 1341.843 1342.654 1342.869 1340.992 1338.948 1338.46 1339.27 1339.721 1339.156 1338.687 1337.666 1336.413 1335.737 1335.136 1334.184 1333.521 1333.06 1332.78 1332.724 1332.687 1332.553 1333.078 1334.146 1335.752 1336.715 1337.058 1337.705 1338.775 1339.615 1340.528 1340.945 1341.118 1341.158 1341.196 1342.057 1344.974 1348.877 1354.149 1357.771 1359.029
1357.436 1354.883 1350.688 1350.616 1352.164 1350.943 1350.03 1350.164 1353.205 1357.797 1357.045 1350.845 1349.882 1349.177 1349.489 1351.66 1354.179 1354.612 1353.458 1350.124 1347.158 1344.189 1342.809 1343.578 1344.609 1344.635 1342.802 1341.184 1341.08 1341.644 1341.663 1341.037 1340.049 1338.989 1338.46 1338.248 1337.446 1336.419 1336.035 1335.085 1334.1 1333.749 1333.528 1333.076 1333.063 1333.609 1334.584 1334.986 1335.039 1335.291 1336.292 1338.03 1339.569 1340.123 1340.545 1341.009 1341.883 1344.233 1349.429 1354.785 1359.187 1361.211 1362.084
1357.799 1355.77 1350.99 1351.585 1355.053 1354.834 1351.936 1350.407 1352.638 1357.625 1356.348 1351.349 1351.131 1350.276 1350.13 1353.578 1356.483 1357.549 1358.285 1353.092 1347.253 1343.709 1343.006 1345.074 1346.707 1345.948 1343.361 1342.238 1342.851 1343.581 1343.123 1342.801 1341.839 1340.192 1340.318 1340.797 1340.552 1340.286 1339.75 1337.967 1336.045 1334.993 1334.333 1333.892 1333.828 1333.832 1334.464 1335.38 1335.684 1335.752 1336.323 1338.175 1339.523 1339.837 1340.243 1341.683 1344.193 1348.191 1354.036 1359.237 1362.309 1363.903 1364.34
1358.593 1357.776 1354.834 1355.119 1356.678 1357.278 1355.187 1351.723 1351.469 1357.109 1357.814 1356.921 1354.871 1352.004 1350.607 1354.291 1357.518 1358.613 1357.174 1354.409 1347.233 1343.41 1344.181 1347.643 1350.296 1348.016 1343.19 1342.779 1344.065 1344.81 1344.738 1343.986 1342.839 1341.273 1341.456 1341.869 1341.847 1342.165 1341.743 1339.939 1337.95 1336.66 1335.734 1335.022 1334.648 1334.193 1334.031 1335.448 1336.672 1338.127 1339.333 1340.005 1340.218 1340.223 1341.406 1344.34 1348.933 1353.463 1357.557 1361.139 1364.012 1365.28 1365.356
1358.505 1358.714 1357.023 1356.66 1358.36 1358.782 1357.715 1354.533 1351.243 1355.258 1358.485 1358.637 1357.222 1353.77 1351.28 1354.377 1358.89 1359.753 1357.944 1354.173 1347.897 1344.049 1344.903 1349.311 1350.827 1349.066 1344.134 1345.187 1346.828 1346.908 1346.02 1344.335 1342.279 1342.539 1342.73 1343.092 1342.596 1342.003 1341.334 1340.308 1339.112 1338.008 1337.138 1336.346 1335.499 1334.932 1334.179 1335.324 1337.374 1339.889 1341.343 1341.794 1341.856 1342.023 1345.068 1349.364 1354.001 1357.032 1359.028 1361.324 1363.242 1364.142 1364.258
1358.123 1359.319 1358.175 1357.066 1359.516 1360.594 1360.128 1358.333 1354.046 1354.215 1358.981 1360.5 1359.841 1358.081 1356.437 1357.002 1359.239 1359.852 1358.049 1352.158 1345.883 1343.456 1346.01 1349.901 1351.618 1349.201 1349.04 1349.54 1350.059 1349.207 1347.357 1345.336 1342.489 1343.568 1344.354 1344.541 1344.051 1343.136 1342.249 1341.855 1340.764 1339.68 1339.283 1339.185 1338.195 1336.317 1335.076 1334.989 1337.155 1339.51 1340.935 1341.826 1343.139 1344.637 1348.107 1351.609 1354.894 1357.116 1358.496 1359.428 1359.548 1360.105 1360.744
1357.412 1359.282 1360.071 1359.417 1361.374 1363.009 1362.618 1360.533 1357.335 1355.782 1358.452 1361.4 1362.267 1360.401 1358.903 1359.384 1361.056 1360.898 1357.283 1349.761 1344.842 1344.726 1348.195 1353.617 1354.082 1349.404 1350.565 1352.956 1353.292 1351.549 1349.334 1348.008 1347.557 1347.203 1346.638 1346.48 1346.418 1345.432 1344.882 1343.917 1342.029 1340.424 1340.585 1341.542 1340.967 1338.325 1336.222 1335.126 1336.357 1338.853 1340.613 1341.736 1343.083 1345.08 1348.111 1350.192 1352.667 1355.024 1356.328 1356.165 1355.427 1355.301 1356.944
1356.935 1359.237 1360.655 1361.885 1363.302 1364.499 1364.199 1361.854 1358.763 1356.963 1357.162 1361.339 1364.207 1362.991 1360.756 1361.345 1363.805 1362.227 1357.343 1351.32 1347.633 1347.826 1352.505 1357.4 1356.283 1349.632 1352.25 1356.283 1356.92 1354.154 1350.716 1349.778 1350.524 1349.662 1348.74 1348.473 1348.559 1348.591 1348.002 1345.3 1343.016 1341.227 1341.444 1342.38 1342.016 1339.546 1337.347 1336.15 1337.315 1339.169 1340.724 1342.189 1343.585 1344.657 1346.662 1348.66 1350.547 1352.068 1352.851 1352.863 1352.208 1351.979 1354.711
1356.439 1359.183 1361.124 1362.621 1364.387 1365.372 1364.885 1362.74 1359.808 1357.94 1357.631 1359.926 1362.896 1363.958 1363.236 1363.652 1364.171 1362.292 1357.352 1350.527 1349.563 1351.291 1355.824 1358.716 1358.593 1349.98 1355.934 1357.617 1357.782 1354.389 1350.564 1349.852 1352.291 1352.39 1350.331 1350.251 1351.037 1350.977 1349.949 1346.43 1343.221 1341.414 1341.85 1343.482 1343.459 1341.368 1339.242 1338.474 1338.606 1339.622 1341.072 1342.438 1343.545 1344.494 1345.556 1347.33 1348.628 1349.265 1349.602 1350.038 1350.353 1352.209 1355.037
1355.27 1358.482 1360.707 1362.964 1364.542 1365.583 1365.585 1364.164 1361.562 1358.716 1357.912 1358.397 1363.211 1364.133 1364.026 1364.436 1364.682 1362.457 1356.135 1351.668 1349.981 1351.767 1355.637 1358.861 1358.38 1355.369 1356.767 1358.21 1357.549 1353.195 1350.517 1350.779 1356.449 1356.281 1354.39 1353.87 1353.674 1352.379 1350.296 1345.694 1342.37 1342.026 1343.75 1346.243 1347.411 1344.855 1341.377 1339.182 1338.987 1339.675 1340.673 1341.64 1342.644 1343.546 1343.882 1345.014 1346.059 1346.956 1348.272 1349.53 1353.197 1356.318 1357.216
1353.667 1357.386 1360.178 1361.893 1363.672 1365.39 1366.305 1365.84 1363.923 1361.009 1359.024 1360.041 1362.891 1364.35 1365.024 1365.127 1364.944 1363.158 1359.257 1354.567 1350.545 1351.399 1355.684 1359.138 1358.972 1357.002 1356.975 1358.296 1357.648 1356.429 1354.994 1356.431 1358.456 1358.518 1357.38 1356.489 1355.646 1353.11 1348.958 1342.992 1341.973 1343.522 1346.408 1349.891 1352.925 1350.157 1343.189 1340.868 1339.851 1339.805 1340.065 1340.657 1341.558 1341.897 1342.014 1342.881 1343.482 1344.84 1347.442 1350.613 1354.935 1357.205 1357.37
