QGeoWEPP-demo/Example_Data/Rangeland/dem.asc
ncols         399
nrows         465
xllcorner     582812.170748
yllcorner     3499214.363749
cellsize      30
NODATA_value  -9999
[rows 112 to 139 of 465, columns 252 to 314 of 399]
1350.149 1347.683 1345.415 1345.763 1346.815 1349.233 1353.268 1357.36 1359.42 1359.468 1357.994 1354.935 1352.227 1350.841 1356.806 1363.105 1367.641 1371.38 1373.364 1373.957 1373.836 1374.112 1374.475 1374.749 1374.848 1374.878 1375.229 1376.526 1377.157 1376.854 1376.135 1375.485 1374.935 1374.062 1372.464 1372.593 1372.644 1370.813 1366.849 1364.483 1364.395 1365.316 1367.823 1370.583 1372.747 1375.604 1378.548 1380.01 1380.812 1380.958 1379.274 1378.054 1379.08 1381.962 1384.728 1385.022 1381.494 1379.71 1376.729 1373.789 1372.282 1371.906 1372.123
1342.916 1343.221 1343.116 1343.693 1345.103 1347.346 1350.35 1353.044 1353.826 1352.364 1350.86 1350.436 1350.426 1354.64 1360.74 1365.586 1369.251 1372.188 1373.532 1373.986 1374.336 1374.699 1374.75 1374.767 1374.558 1373.624 1373.417 1374.558 1375.636 1375.332 1374.208 1373.736 1373.666 1373.103 1371.209 1370.539 1369.936 1368.048 1365.362 1364.17 1364.916 1367.376 1370.677 1373.481 1374.831 1376.691 1379.423 1381.522 1382.741 1382.823 1380.836 1379.618 1380.128 1382.786 1386.438 1387.722 1386.615 1386.124 1382.806 1378.126 1374.192 1372.656 1372.028
1340.97 1341.692 1342.109 1342.177 1342.801 1345.379 1347.291 1349.249 1349.807 1349.324 1349.524 1352.133 1354.376 1359.408 1363.045 1366.098 1369.121 1371.569 1372.642 1373.283 1373.813 1374.58 1374.532 1374.468 1373.962 1372.638 1372.503 1373.59 1374.493 1374.024 1372.664 1372.025 1371.811 1371.201 1369.122 1367.571 1366.691 1365.299 1364.345 1364.625 1366.377 1369.875 1373.87 1377.231 1378.793 1379.463 1380.513 1382.913 1384.714 1384.609 1381.815 1380.247 1380.655 1383.055 1386.42 1387.639 1388.381 1388.53 1386.472 1383.074 1378.548 1374.411 1372.291
1341.061 1341.913 1342.115 1341.882 1342.228 1344.381 1346.75 1348.496 1349.531 1350.188 1352.036 1355.398 1357.033 1360.399 1363.179 1365.05 1366.734 1368.539 1370.094 1371.617 1372.887 1374.259 1374.589 1374.26 1373.317 1371.904 1371.366 1372.398 1372.978 1372.708 1371.483 1370.267 1369.314 1368.628 1366.882 1365.171 1364.339 1363.643 1363.917 1365.965 1369.112 1373.239 1377.538 1380.437 1381.89 1382.512 1382.764 1384.739 1386.642 1386.584 1382.804 1380.468 1380.665 1382.613 1385.449 1387.141 1388.444 1388.841 1388.267 1386.485 1382.191 1376.453 1372.885
1341.946 1341.916 1341.918 1341.926 1343.299 1344.646 1347.953 1349.351 1350.867 1352.75 1355.014 1356.382 1357.357 1358.938 1362.443 1364.534 1365.438 1366.144 1367.132 1370.247 1372.628 1373.955 1374.617 1374.28 1372.892 1370.297 1368.496 1370.022 1370.849 1370.812 1369.997 1368.566 1366.953 1366.198 1365.125 1363.814 1363.236 1363.082 1364.175 1368.022 1372.635 1377.131 1380.538 1382.188 1383.203 1384.404 1385.275 1386.504 1387.672 1387.801 1383.572 1380.86 1380.491 1381.68 1384.094 1386.087 1387.976 1389.177 1389.226 1387.528 1383.151 1377.889 1374.941
1343.782 1342.394 1341.854 1341.949 1343.382 1345.37 1347.543 1348.941 1350.906 1354.26 1357.584 1359.508 1361.278 1362.942 1364.339 1365.869 1367.163 1368.382 1370.011 1371.849 1373.357 1374.147 1374.242 1373.285 1371.331 1367.551 1365.192 1366.628 1367.973 1368.289 1367.944 1366.928 1365.361 1364.405 1363.64 1363.022 1362.871 1363.162 1364.876 1369.422 1374.59 1378.696 1381.309 1382.606 1383.986 1385.692 1387.079 1387.703 1388.157 1388.003 1384.94 1382.427 1381.064 1381.064 1383.249 1385.774 1388.078 1389.448 1389.298 1387.299 1382.93 1379.061 1378.326
1344.467 1342.526 1341.856 1341.94 1343.342 1344.695 1346.694 1348.649 1351.37 1355.647 1359.122 1361.959 1364.853 1366.296 1367.824 1369.448 1370.737 1371.921 1372.732 1372.917 1373.437 1372.989 1372.088 1370.427 1367.876 1364.803 1363.657 1364.095 1365.103 1365.831 1365.68 1365.051 1364.026 1363.307 1362.949 1362.858 1363.077 1364.149 1367.084 1371.269 1374.789 1377.78 1380.614 1382.51 1384.384 1386.27 1387.86 1388.453 1388.429 1388.215 1386.897 1384.801 1382.596 1381.733 1383.915 1386.706 1388.695 1389.734 1389.61 1387.702 1383.504 1380.221 1381.312
1346.873 1343.726 1342.144 1341.936 1343.306 1344.661 1346.603 1348.707 1352.382 1356.45 1359.36 1362.708 1365.355 1367.434 1369.348 1371.546 1372.603 1373.382 1374.27 1373.602 1371.765 1369.989 1367.912 1365.875 1363.685 1362.133 1361.863 1362.567 1362.994 1363.773 1363.862 1363.305 1362.495 1362.556 1362.812 1363.006 1363.672 1366.242 1370.816 1375.289 1377.841 1378.854 1380.398 1382.125 1383.82 1385.405 1387.083 1388.256 1388.505 1388.773 1388.41 1386.89 1384.629 1383.565 1385.246 1387.606 1389.369 1390.306 1390.469 1389.002 1385.567 1382.424 1383.954
1347.927 1345.252 1343.294 1342.779 1343.552 1344.662 1346.622 1348.703 1352.109 1355.855 1358.979 1362.071 1365.16 1367.494 1369.42 1370.943 1372.344 1373.504 1374.202 1370.963 1366.764 1364.075 1362.291 1360.593 1359.195 1359.071 1359.669 1360.665 1361.144 1361.837 1362.075 1361.805 1361.38 1361.91 1362.805 1363.64 1365.404 1369.03 1373.655 1377.862 1379.876 1380.334 1380.438 1380.989 1382.048 1383.182 1384.786 1386.763 1388.044 1388.753 1389.129 1388.359 1386.645 1385.453 1386.227 1388.059 1390.053 1391.069 1391.585 1390.849 1388.627 1386.227 1386.847
1348.251 1346.701 1345.618 1345.422 1345.667 1345.777 1347.535 1348.744 1350.985 1354.619 1358.038 1361.075 1364.192 1366.568 1367.922 1369.678 1371.387 1372.599 1372.446 1366.783 1361.169 1358.4 1357.851 1357.495 1357.235 1357.646 1357.942 1358.799 1359.698 1360.116 1360.249 1360.235 1360.701 1361.772 1363.227 1365.208 1369.857 1372.383 1374.796 1377.359 1378.854 1379 1379.193 1379.578 1380.204 1380.855 1382.128 1384.359 1386.336 1388.098 1388.822 1388.752 1387.833 1386.896 1387.368 1388.672 1390.681 1392.102 1393.064 1393.087 1391.76 1389.913 1389.453
1348.955 1348.826 1348.347 1347.279 1346.745 1346.772 1346.909 1348.656 1350.602 1353.409 1356.724 1360.041 1362.464 1363.88 1365.157 1366.733 1369.584 1370.94 1368.656 1361.431 1357.633 1357.021 1356.917 1357.255 1357.192 1356.983 1357.018 1357.683 1358.066 1358.794 1359 1359.133 1360.229 1361.743 1363.364 1367.889 1372.042 1373.896 1374.699 1375.578 1375.912 1375.572 1377.853 1379.438 1380.015 1380.146 1380.487 1381.781 1383.911 1386.453 1387.773 1388.495 1388.401 1388.136 1388.762 1390.031 1392.035 1393.447 1394.474 1395.001 1394.226 1392.455 1391.23
1349.975 1351.179 1350.438 1347.96 1346.851 1346.853 1347.648 1347.992 1349.167 1351.172 1354.466 1357.49 1359.554 1362.562 1364.651 1366.72 1369.714 1369.721 1364.343 1358.829 1357.049 1356.855 1356.911 1357.148 1357.551 1357.426 1357.021 1356.935 1357.018 1357.745 1358.003 1358.173 1359.533 1361.726 1363.437 1365.849 1369.381 1371.809 1372.593 1372.981 1373.17 1374.767 1378.432 1380.421 1381.328 1381.586 1381.286 1381.137 1381.897 1384.635 1386.885 1388.39 1389.142 1389.453 1390.13 1391.677 1393.714 1394.632 1395.474 1396.007 1395.405 1393.711 1391.886
1351.497 1353.702 1353.285 1349.4 1347.467 1348.421 1347.918 1348.601 1349.546 1351.291 1353.884 1356.354 1358.459 1362.338 1365.361 1367.645 1370.934 1372.002 1362.787 1357.64 1357.025 1356.879 1357.647 1358.842 1360.072 1360.952 1359.013 1357.608 1357.502 1357.581 1357.539 1357.664 1360.023 1363.316 1364.548 1364.977 1365.578 1367.409 1368.298 1370.674 1373.608 1376.986 1379.335 1381.169 1382.948 1384.756 1385.219 1383.909 1382.657 1384.346 1386.953 1388.527 1389.604 1390.436 1391.492 1392.91 1394.458 1395.391 1396.081 1396.103 1395.237 1393.51 1391.421
1352.589 1355.455 1354.717 1350.882 1348.164 1347.971 1347.882 1348.802 1350.312 1351.682 1353.814 1356.205 1357.683 1359.849 1362.99 1366.174 1369.732 1368.419 1362.013 1357.619 1357.666 1357.749 1358.678 1360.706 1362.699 1363.574 1364.283 1365.835 1365.653 1364.243 1362.092 1360.462 1363.467 1366.715 1370.174 1370.765 1368.019 1366.929 1367.315 1370.725 1374.348 1377.385 1379.19 1380.714 1383.029 1385.363 1386.738 1386.575 1386.435 1385.82 1387.197 1388.487 1389.588 1390.727 1392.231 1393.307 1394.363 1395.266 1395.794 1395.671 1394.91 1393.324 1390.503
1354.638 1357.306 1357.574 1354.85 1350.2 1348.043 1348.586 1348.899 1349.3 1350.191 1352.102 1354.41 1355.831 1357.063 1360.823 1363.949 1365.57 1362.209 1358.884 1357.418 1358.474 1359.547 1360.51 1362.576 1364.244 1364.799 1365.56 1366.651 1368.477 1368.249 1366.049 1364.406 1365.47 1368.229 1371.805 1372.78 1372.339 1371.913 1371.423 1371.848 1373.522 1375.311 1376.936 1379.419 1381.697 1383.759 1385.491 1386.881 1387.547 1387.051 1387.245 1388.156 1389.452 1390.739 1392.188 1392.816 1393.49 1394.108 1394.776 1395.076 1394.99 1394.15 1391.098
1356.331 1359.239 1361.276 1360.233 1352.206 1347.945 1348.735 1349.532 1349.835 1350.694 1352.087 1353.601 1354.737 1356.588 1358.924 1361.105 1361.218 1359.587 1357.732 1357.578 1358.669 1359.744 1361.476 1363.225 1364.475 1364.9 1365.596 1367.431 1369.498 1370.411 1370.664 1371.022 1371.331 1370.444 1371.486 1373.473 1374.388 1374.481 1373.786 1372.751 1372.926 1373.371 1375.628 1377.965 1380.414 1382.383 1383.749 1384.771 1386.013 1387.21 1388.092 1388.58 1389.55 1390.634 1391.481 1391.597 1391.707 1392.59 1393.706 1394.633 1395.234 1395.184 1393.156
1356.115 1360.454 1363.89 1364.858 1357.705 1350.397 1348.932 1349.045 1350.169 1351.15 1351.919 1353.205 1354.587 1356.539 1358.576 1359.506 1358.54 1357.538 1357.018 1357.575 1358.682 1359.753 1361.564 1362.792 1363.742 1364.61 1366.241 1368.398 1370.503 1371.609 1373.037 1374.03 1373.907 1373.033 1372.818 1372.937 1374.633 1375.384 1375.13 1375.139 1375.155 1375.618 1376.638 1378.427 1379.77 1381.011 1381.889 1382.287 1382.861 1385.442 1387.702 1388.733 1389.615 1390.288 1390.097 1389.345 1389.277 1390.802 1392.738 1394.347 1395.216 1395.471 1394.194
1356.619 1361.584 1365.883 1368.44 1364.407 1352.432 1349.015 1348.919 1349.225 1350.04 1351.242 1352.618 1354.354 1355.835 1357.709 1357.809 1356.986 1356.352 1356.576 1357.567 1358.678 1360.527 1361.689 1362.732 1364.065 1365.375 1366.535 1368.452 1370.61 1372.499 1374.252 1375.767 1376.43 1375.947 1375 1374.753 1375.59 1376.456 1377.173 1378.067 1378.606 1378.743 1378.759 1379.55 1379.923 1380.526 1380.96 1381.09 1381.22 1384.208 1387.346 1388.634 1389.343 1389.241 1388.337 1387.434 1387.844 1389.634 1392.255 1394.285 1395.391 1395.752 1394.899
1357.648 1363.234 1367.723 1370.847 1370.181 1358.141 1351.132 1349.124 1348.974 1349.542 1350.487 1351.685 1353.501 1355.502 1356.076 1356.022 1355.578 1355.788 1356.545 1357.565 1358.673 1360.66 1361.745 1362.694 1363.759 1365.194 1366.561 1368.443 1370.616 1372.633 1374.571 1376.728 1378.688 1379.514 1378.889 1377.764 1377.556 1377.751 1378.911 1380.188 1380.693 1380.783 1380.745 1380.711 1380.686 1380.471 1380.764 1381.618 1382.585 1384.451 1387.329 1388.463 1388.361 1387.89 1387.18 1386.93 1387.723 1389.566 1392.112 1394.119 1395.408 1396.131 1395.734
1359.372 1364.888 1369.009 1371.798 1373.04 1365.198 1353.447 1350.128 1349.148 1349.096 1349.426 1350.565 1352.517 1353.464 1354.837 1355.047 1355.589 1356.354 1356.877 1357.593 1359.328 1360.729 1361.753 1362.668 1363.593 1364.629 1366.266 1368.429 1370.615 1372.01 1375.096 1378.133 1380.239 1381.321 1380.952 1379.821 1378.82 1379.365 1380.233 1380.842 1381.46 1381.816 1381.795 1381.76 1382.258 1382.314 1382.51 1383.291 1383.835 1385.312 1387.339 1387.766 1387.169 1386.38 1386.012 1386.781 1388.315 1390.155 1391.548 1392.922 1394.38 1395.529 1395.814
1359.356 1364.962 1369.452 1372.041 1373.199 1370.58 1361.304 1352.398 1350.215 1349.408 1349.529 1350.458 1351.822 1353.309 1354.073 1354.81 1355.663 1356.57 1357.409 1358.363 1359.608 1360.711 1361.661 1362.617 1363.579 1364.54 1365.669 1367.555 1369.721 1371.656 1374.774 1378.647 1380.784 1380.933 1381.571 1380.888 1380.599 1380.583 1380.842 1381.397 1381.838 1382.559 1381.998 1382.67 1382.79 1382.854 1382.933 1383.503 1383.864 1384.616 1385.758 1386.01 1385.316 1384.462 1384.62 1386.789 1388.448 1389.575 1389.986 1390.946 1392.491 1394.054 1395.124
1357.665 1362.855 1367.926 1371.315 1373.245 1374.705 1370.172 1360.547 1353.791 1351.531 1350.381 1350.608 1352.195 1353.6 1354.481 1354.877 1355.666 1356.592 1357.538 1358.559 1359.626 1360.02 1360.968 1362.456 1363.674 1364.648 1366.101 1367.58 1368.831 1370.671 1372.96 1377.345 1380.53 1381.421 1381.824 1381.759 1381.685 1381.619 1381.718 1382.291 1382.742 1382.835 1383.596 1382.89 1382.853 1382.854 1382.933 1383.459 1383.14 1382.863 1383.045 1383.234 1382.529 1381.436 1381.759 1384.091 1386.796 1387.785 1387.563 1388.377 1389.797 1391.01 1392.288
1356.903 1359.085 1363.614 1368.14 1372.031 1377.232 1378.336 1371.405 1363.74 1357.465 1353.834 1352.6 1353.398 1353.929 1354.748 1354.898 1355.566 1356.429 1357.367 1358.423 1358.979 1359.639 1360.519 1362.04 1363.676 1364.912 1365.738 1366.75 1367.781 1368.813 1370.732 1374.537 1379.288 1381.698 1381.846 1381.861 1381.854 1382.397 1382.197 1382.523 1383.381 1383.1 1382.913 1383.695 1383.604 1383.094 1382.823 1382.319 1381.223 1380.121 1380.056 1380.254 1380.23 1380.032 1380.087 1380.248 1381.127 1384.757 1386.067 1386.893 1387.473 1388.043 1388.881
1357.177 1357.093 1359.2 1363.435 1369.369 1377.555 1381.439 1381.978 1375.734 1368.742 1363.006 1358.016 1356.284 1355.8 1355.148 1354.983 1355.169 1355.687 1356.272 1357.015 1357.344 1358.116 1358.368 1359.6 1360.997 1361.965 1362.418 1363.345 1364.325 1365.74 1367.56 1370.966 1376.096 1379.703 1381.395 1382.57 1381.907 1382.068 1382.449 1382.363 1382.643 1382.888 1382.855 1382.957 1383.629 1383.003 1381.764 1380.426 1378.591 1374.871 1372.741 1374.166 1377.853 1379.578 1379.954 1380.687 1382.498 1385.344 1386.63 1387.345 1387.234 1387.074 1387.147
1358.017 1357.369 1357.629 1359.331 1364.484 1373.836 1380.75 1386.325 1385.474 1380.215 1374.564 1368.846 1364.394 1360.783 1357.237 1355.889 1355.341 1355.535 1355.7 1355.96 1356.089 1356.301 1356.262 1356.526 1356.901 1357.461 1357.88 1358.168 1358.951 1360.575 1362.925 1366.511 1371.005 1376.092 1380.174 1381.822 1381.826 1382.485 1382.747 1382.767 1382.774 1382.235 1382.702 1382.858 1381.634 1380.677 1379.119 1377.068 1374.163 1372.23 1373.549 1378.606 1380.728 1382.034 1383.637 1385.937 1387.466 1387.674 1388.456 1388.639 1388.52 1388.117 1387.845
1359.52 1358.734 1358.712 1358.157 1359.62 1367.014 1376.367 1384.877 1387.759 1385.954 1383.733 1380.578 1376.445 1371.932 1363.703 1357.23 1357.117 1358.984 1358.151 1356.279 1355.639 1355.385 1355.268 1355.248 1355.267 1355.371 1355.442 1355.41 1355.574 1356.562 1358.376 1361.3 1365.481 1369.951 1374.209 1379.362 1381.639 1381.991 1382.465 1382.557 1382.121 1381.837 1381.241 1380.885 1377.842 1375.082 1373.717 1372.677 1372.089 1371.875 1376.819 1380.831 1383.174 1385.256 1387.54 1388.679 1390.295 1391.47 1391.416 1391.23 1390.736 1390.47 1390.049
1361.724 1361.019 1361.375 1360.235 1358.284 1360.893 1369.004 1379.531 1385.099 1386.75 1387.124 1386.272 1383.215 1378.177 1368.316 1358.171 1361.178 1367.465 1368.387 1364.289 1359.92 1357.513 1356.502 1356.203 1355.908 1355.836 1355.764 1355.615 1355.044 1355.105 1355.554 1356.965 1360.19 1364.599 1370.024 1377.65 1380.77 1381.567 1381.446 1380.481 1379.348 1379.139 1377.806 1374.997 1372.26 1372.065 1372.611 1374.875 1378.642 1379.188 1377.883 1381.294 1384.216 1386.649 1388.426 1389.485 1391.325 1393.425 1394.329 1394.174 1393.507 1392.865 1392.672
1364.434 1363.583 1363.994 1363.145 1359.746 1358.319 1363.006 1372.844 1379.627 1383.814 1386.877 1387.483 1384.314 1377.184 1368.874 1359.512 1366.261 1375.208 1379.181 1376.15 1369.709 1364.822 1361.876 1360.404 1358.995 1358.635 1358.317 1357.211 1356.121 1355.188 1354.96 1355.603 1357.302 1361.092 1367.519 1375.692 1379.451 1379.962 1378.063 1374.731 1372.163 1371.499 1371.221 1371.295 1371.775 1372.593 1374.354 1377.24 1380.134 1381.433 1381.387 1382.421 1384.502 1386.392 1387.752 1389.248 1392.084 1394.474 1395.557 1395.607 1395.382 1394.849 1394.135
