QGeoWEPP-demo/Example_Data/Rangeland/dem.asc
ncols         399
nrows         465
xllcorner     582812.170748
yllcorner     3499214.363749
cellsize      30
NODATA_value  -9999
[rows 252 to 279 of 465, columns 63 to 125 of 399]
1346.494 1345.368 1344.214 1343.946 1344.963 1347.248 1348.644 1349.629 1350.52 1350.997 1352.582 1354.585 1356.356 1358.085 1360.204 1363.032 1366.88 1370.566 1374.805 1373.691 1369.535 1370.583 1377.307 1384.265 1389.38 1393.259 1391.559 1388.228 1386.452 1388.194 1393.432 1400.638 1411.79 1422.448 1432.083 1440.318 1444.448 1440.692 1436.67 1439.531 1446.488 1450.917 1452.875 1451.62 1445.227 1438.803 1431.719 1425.747 1418.6 1410.897 1407.335 1408.758 1407.577 1403.068 1395.827 1396.893 1403.013 1410.196 1417.1 1424.444 1430.795 1436.409 1442.289
1344.524 1343.371 1342.215 1343.586 1344.751 1346.603 1348.302 1348.973 1349.068 1350.399 1352.445 1354.545 1356.516 1358.48 1360.88 1363.768 1366.362 1368.394 1369.331 1367.393 1366.502 1370.045 1375.708 1381.021 1385.547 1387.617 1385.641 1381.32 1379.627 1381.558 1388.169 1397.584 1408.676 1418.676 1427.496 1435.021 1436.826 1431.733 1428.664 1432.098 1437.234 1439.967 1440.157 1438.279 1433.484 1428.202 1423.141 1418.154 1411.79 1405.016 1401.047 1401.233 1400.258 1396.486 1394.031 1397.062 1403.597 1411.201 1418.568 1426.667 1434.126 1441.779 1446.589
1342.61 1342.03 1342.57 1343.686 1344.748 1346.384 1347.206 1347.775 1348.596 1349.664 1351.532 1354.467 1356.464 1357.995 1360.251 1362.941 1364.663 1365.718 1365.458 1365.816 1366.643 1369.732 1373.452 1377.694 1380.911 1380.665 1378.589 1375.224 1375.629 1380.531 1388.4 1396.502 1404.659 1412.546 1418.66 1422.449 1421.069 1417.784 1419.209 1422.726 1425.322 1427.784 1428.262 1426.955 1423.832 1419.135 1415.321 1410.624 1404.899 1400.174 1396.667 1395.064 1393.299 1390.488 1392.973 1397.44 1403.302 1410.143 1416.994 1425.104 1433.048 1444.213 1448.749
1341.955 1341.882 1342.591 1343.701 1345.535 1346.051 1347.207 1347.873 1348.532 1349.605 1351.491 1354.461 1355.873 1357.636 1359.918 1361.665 1362.605 1363.617 1364.76 1365.687 1366.837 1369.054 1371.56 1374.198 1375.073 1374.506 1372.985 1372.373 1374.753 1380.023 1385.986 1392.222 1397.812 1403.74 1408.972 1409.857 1406.769 1405.855 1409.839 1410.98 1413.584 1416.7 1417.636 1416.928 1414.597 1410.872 1406.965 1403.094 1398.628 1395.895 1393.185 1390.331 1388.93 1389.065 1393.218 1398.003 1403.404 1409.343 1415.859 1424.03 1431.865 1444.554 1449.861
1341.86 1341.892 1343.23 1345.346 1346.559 1347.299 1347.694 1347.929 1348.524 1349.591 1351.488 1354.48 1356.47 1358.205 1359.641 1360.523 1359.053 1360.356 1364.354 1365.61 1366.177 1367.722 1370.014 1371.571 1371.168 1370.271 1368.865 1369.935 1372.715 1376.925 1381.727 1385.243 1389.167 1394.748 1399.108 1399.021 1396.187 1396.599 1399.017 1400.025 1403.934 1407.799 1408.944 1408.087 1405.3 1401.736 1398.846 1396.753 1394.093 1391.93 1389.783 1387.742 1388.308 1392.01 1396.009 1401.094 1407.111 1413.526 1420.532 1428.993 1436.584 1448.173 1453.43
1342.514 1343.398 1345.677 1348.141 1349.232 1349.299 1349.343 1349.431 1349.669 1350.478 1352.399 1355.367 1356.725 1358.293 1358.951 1358.457 1357.359 1359.242 1363.37 1364.141 1365.119 1367.014 1368.623 1368.406 1367.956 1367.18 1365.689 1366.631 1369.461 1372.901 1376.792 1379.511 1380.402 1386.649 1390.198 1389.866 1388.121 1388.735 1390.162 1392.771 1396.554 1400 1401.366 1400.632 1397.907 1393.757 1392.468 1391.642 1390.243 1388.115 1386.584 1386.206 1388.045 1393.037 1398.764 1404.937 1412.1 1419.669 1427.7 1436.848 1444.692 1454.603 1457.431
1343.172 1344.742 1347.704 1350.22 1350.751 1350.662 1350.547 1350.631 1351.21 1352.312 1353.539 1356.356 1357.504 1357.932 1357.998 1357.381 1356.937 1358.453 1360.785 1363.561 1365.307 1366.656 1367.502 1366.596 1365.199 1364.19 1363.398 1364.769 1366.999 1369.98 1372.5 1373.179 1374.177 1380.806 1382.63 1382.665 1382.48 1383.038 1386.256 1389.244 1390.477 1392.704 1393.944 1393.686 1391.643 1387.53 1387.283 1387.192 1385.825 1384.275 1383.606 1384.768 1387.911 1392.323 1399.494 1407.206 1415.557 1424.287 1433.639 1444.122 1452.5 1461.058 1459.986
1344.777 1346.618 1349.084 1351.337 1352.543 1352.759 1352.791 1352.642 1352.155 1352.523 1352.948 1354.882 1356.085 1356.345 1356.309 1356.151 1357.162 1357.166 1360.39 1364.14 1365.532 1366.014 1365.982 1364.663 1363.186 1361.33 1361.204 1362.969 1365.342 1367.51 1368.254 1368.865 1371.384 1374.238 1374.354 1374.968 1377.779 1380.984 1385.234 1386.7 1386.117 1387.071 1387.617 1387.417 1386.099 1382 1381.622 1382.316 1381.52 1381.242 1381.718 1384.521 1389.404 1394.264 1402.018 1410.236 1419.32 1429.494 1439.776 1451.139 1461.038 1468.18 1463.035
1347.402 1348.887 1350.932 1353.102 1354.474 1354.817 1354.701 1353.912 1352.505 1351.357 1351.133 1352.062 1352.973 1353.031 1353.463 1354.521 1356.309 1357.58 1361.242 1365.06 1365.18 1365.016 1364.405 1362.703 1360.504 1359.157 1359.158 1361.662 1364.087 1365.218 1365.22 1366.509 1369.324 1371.78 1373.631 1376.4 1379.206 1381.738 1383.586 1383.328 1381.625 1381.749 1381.872 1381.531 1381.207 1377.844 1376.663 1378.176 1379.643 1380.305 1382.647 1387.112 1392.537 1397.864 1406.704 1414.783 1423.752 1434.529 1445.563 1458.872 1471.094 1475.483 1467.21
1349.894 1351.036 1352.954 1355.085 1356.606 1357.51 1356.282 1354.531 1352.595 1350.617 1349.369 1350.037 1351.585 1350.644 1350.664 1352.92 1357.11 1361.42 1364.172 1364.811 1364.201 1362.93 1361.211 1359.046 1358.728 1357.301 1358.682 1359.419 1361.116 1362.76 1364.845 1365.903 1366.76 1370.492 1374.893 1378.746 1380.686 1381.497 1381.872 1381.838 1379.498 1378.285 1377.781 1377.811 1377.683 1375.016 1372.826 1376.064 1379.003 1380.366 1384.271 1389.527 1394.852 1400.966 1410.192 1419.077 1428.819 1440.142 1451.997 1467.468 1481.661 1483.344 1471.823
1352.336 1353.826 1355.847 1359.071 1361.642 1360.882 1358.114 1355.485 1353.225 1350.736 1349.072 1349.686 1350.723 1350.106 1350.512 1354.056 1358.611 1362.737 1363.915 1364.706 1362.755 1360.946 1359.413 1357.207 1356.778 1356.125 1357.76 1357.567 1359.031 1361.706 1364.248 1365.589 1365.113 1366.927 1373.138 1377.231 1379.416 1380.013 1379.885 1379.824 1378.861 1374.706 1374.251 1374.117 1373.866 1372.554 1372.574 1374.365 1377.816 1380.247 1384.577 1390.211 1396.283 1403.906 1412.59 1422.868 1433.605 1446.053 1459.815 1476.93 1492.359 1490.896 1476.582
1354.445 1357.066 1361.053 1366.33 1368.25 1364.116 1358.856 1355.482 1352.818 1350.466 1348.473 1348.875 1349.8 1349.978 1351.248 1354.427 1358.543 1361.578 1362.803 1361.919 1359.695 1357.635 1356.842 1355.754 1354.399 1354.849 1356.029 1357.496 1358.277 1360.305 1363 1364.63 1364.105 1364.924 1367.736 1372.507 1376.071 1377.186 1376.335 1375.963 1374.436 1373.287 1372.335 1371.945 1371.262 1370.34 1372.099 1372.265 1378.921 1381.996 1385.393 1389.752 1395.45 1404.351 1413.571 1423.812 1435.911 1450.11 1466.522 1485.481 1503.24 1497.499 1481.255
1356.467 1361.286 1367.485 1370.396 1372.824 1364.497 1358.121 1354.594 1351.506 1349.368 1347.537 1347.884 1348.96 1350.254 1353.245 1356.321 1358.447 1359.287 1358.092 1356.498 1354.557 1353.892 1353.869 1353.396 1352.378 1352.213 1353.926 1356.639 1357.791 1358.759 1358.52 1360.159 1362.612 1364.687 1369.543 1372.697 1374.633 1374.517 1372.73 1372.03 1372.035 1372.646 1370.709 1368.595 1367.06 1368.224 1371.244 1372.957 1379.332 1382.388 1384.637 1387.463 1393.249 1402.657 1412.88 1422.847 1435.823 1451.269 1469.15 1489.287 1505.603 1499.234 1482.551
1356.835 1362.227 1368.451 1371.984 1370.703 1361.948 1356.727 1353.589 1350.382 1348.163 1346.508 1346.916 1349.367 1351.403 1354.324 1356.798 1357.82 1357.39 1354.176 1350.394 1350.723 1350.721 1351.312 1350.993 1350.807 1350.302 1351.123 1355.509 1356.966 1357.111 1357.159 1359.054 1363.74 1366.409 1371.517 1373.393 1373.916 1373.26 1370.946 1369.241 1370.728 1370.947 1368.271 1366.024 1365.344 1368.338 1372.956 1378.353 1379.502 1380.694 1383.662 1387.723 1393.338 1402.843 1413.54 1424.061 1437.629 1452.938 1470.459 1489.854 1500.775 1493.334 1478.64
1355.473 1359.576 1364.556 1368.583 1365.577 1358.726 1355.247 1352.576 1349.565 1346.083 1344.079 1346.718 1349.881 1351.34 1353.129 1354.998 1355.847 1354.807 1350.54 1348.128 1348.356 1349.467 1350.362 1350.238 1349.989 1349.906 1350.296 1351.947 1356.384 1359.436 1362.479 1364.247 1365.443 1369.068 1372.212 1373.005 1372.883 1371.24 1368.139 1365.59 1366.971 1367.395 1365.89 1365.084 1365.788 1370.344 1372.167 1372.966 1377.622 1380.465 1383.803 1387.896 1393.346 1402.146 1413.777 1425.335 1440.316 1455.254 1472.066 1489.708 1493.32 1482.456 1470.206
1353.624 1356.441 1359.716 1360.591 1359.093 1356.282 1353.726 1351.487 1348.703 1344.712 1342.513 1344.944 1347.922 1349.106 1350.267 1351.626 1351.542 1350.74 1348.467 1346.471 1347.632 1349.118 1349.557 1349.726 1349.935 1351.823 1355.309 1357.442 1359.302 1364.457 1369.615 1370.913 1369.621 1370.626 1372.593 1372.117 1370.842 1368.001 1364.976 1364.699 1365.828 1366.017 1365.2 1365.086 1366.71 1369.311 1372.129 1374.448 1378.177 1381.814 1384.938 1388.799 1395.231 1404.059 1417.087 1428.18 1443.1 1457.587 1474.26 1490.468 1488.446 1474.658 1464.032
1351.678 1353.534 1355.059 1354.798 1354.646 1354.345 1352.45 1350.612 1347.871 1344.105 1342.094 1343.071 1345.235 1346.869 1347.912 1348.795 1347.67 1345.774 1345.518 1345.657 1347.39 1348.722 1349.603 1350.423 1351.303 1354.448 1358.835 1361.422 1363.814 1368.948 1374.364 1376.061 1373.827 1372.766 1373.902 1372.135 1368.666 1365.78 1364.269 1364.617 1364.96 1364.327 1364.829 1365.69 1368.125 1370.95 1372.576 1376.119 1380.081 1382.531 1385.887 1390.798 1397.48 1406.564 1419.317 1431.151 1444.382 1458.93 1476.282 1490.681 1485.896 1471.958 1460.066
1349.569 1350.594 1351.379 1351.542 1352.646 1353.013 1351.38 1349.469 1346.792 1343.378 1341.477 1341.905 1343.695 1345.43 1345.941 1345.714 1344.06 1342.636 1342.738 1344.782 1346.775 1348.376 1349.843 1351.283 1353.405 1356.67 1361.595 1365.079 1368.275 1371.971 1376.587 1380.13 1378.594 1378.559 1377.344 1372.838 1367.857 1364.635 1363.324 1364.387 1364.098 1363.92 1364.179 1365.61 1368.471 1371.725 1374.168 1377.267 1379.676 1380.735 1384.799 1390.407 1397.371 1407.189 1418.029 1430.487 1444.732 1460.876 1478.532 1489.344 1481.766 1470.086 1458.734
1347.384 1348.487 1349.336 1350.002 1351.644 1352.184 1350.662 1348.675 1346.024 1342.909 1341.1 1341.057 1342.671 1343.982 1344.109 1343.416 1342.364 1341.982 1342.929 1344.598 1346.412 1347.793 1349.033 1350.678 1353.832 1357.743 1364.072 1368.573 1372.827 1376.673 1380.213 1382.881 1382.989 1381.7 1378.931 1373.132 1367.641 1363.935 1362.285 1362.248 1362.152 1362.76 1363.804 1365.396 1367.856 1371.444 1373.665 1374.241 1376.273 1379.085 1383.788 1389.967 1397.27 1407.056 1417.215 1432.042 1445.888 1462.603 1478.969 1484.535 1477.286 1467.108 1458.102
1346.389 1348.247 1349.132 1350.099 1351.529 1352.232 1351.252 1349.294 1346.441 1343.145 1341.011 1340.262 1341.298 1342.331 1342.478 1341.834 1341.748 1342.417 1343.538 1344.661 1345.942 1347.344 1348.578 1350.145 1353.769 1358.499 1364.787 1369.997 1374.614 1378.732 1382.768 1386.458 1387.071 1383.889 1379.297 1373.14 1367.451 1363.278 1360.801 1359.625 1359.375 1360.817 1363.695 1364.91 1366.093 1369.355 1371.843 1372.846 1375.596 1379.224 1383.264 1388.647 1395.612 1406.41 1416.393 1431.293 1446.164 1463.992 1478.656 1479.938 1470.718 1464.103 1456.961
1347.303 1349.26 1350.238 1351.163 1352.185 1353.471 1353.49 1351.742 1348.201 1344.279 1340.943 1339.274 1338.433 1339.555 1340.08 1340.262 1341.219 1342.536 1343.507 1344.536 1345.643 1346.924 1348.458 1350.609 1355.156 1359.6 1364.801 1370.052 1374.621 1378.846 1383.085 1387.217 1387.968 1383.766 1379.084 1372.764 1366.77 1362.534 1359.863 1358.31 1357.389 1358.326 1362.192 1364.191 1365.614 1368.023 1371.659 1373.512 1375.452 1378.369 1381.88 1387.201 1393.471 1403.04 1415.596 1428.849 1443.848 1461.254 1470.956 1469.745 1463.762 1459.785 1454.768
1348.654 1350.104 1351.179 1352.056 1352.354 1354.173 1356.136 1355.866 1351.947 1346.471 1341.246 1337.824 1335.831 1336.318 1337.267 1338.654 1340.428 1341.892 1342.895 1343.958 1345.403 1346.688 1348.491 1351.401 1355.8 1359.707 1363.989 1369.006 1373.189 1377.581 1381.212 1384.376 1384.901 1381.731 1376.734 1370.856 1365.159 1360.429 1358.22 1357.359 1356.925 1358.564 1361.152 1363.501 1365.179 1367.6 1370.542 1372.031 1372.561 1377.496 1381.714 1387.258 1393.166 1401.272 1412.285 1426.662 1438.783 1451.629 1457.196 1455.117 1450.49 1453.054 1450.799
1349.292 1350.428 1351.156 1351.518 1350.946 1353.289 1357.63 1360.113 1357.24 1349.086 1340.898 1336.399 1334.963 1334.894 1335.673 1337.516 1339.625 1341.156 1342.425 1343.514 1344.776 1346.356 1348.327 1351.213 1355.105 1357.875 1361.471 1366.407 1370.298 1374.097 1377.019 1379.617 1380.004 1376.889 1372.253 1367.615 1362.508 1358.553 1357.15 1356.993 1358.074 1360.177 1362.35 1364.788 1366.591 1368.298 1370.86 1371.839 1374.026 1379.318 1382.975 1387.219 1392.009 1399.555 1410.755 1424.632 1433.553 1439.893 1442.375 1441.484 1442.667 1447.959 1446.737
1349.889 1350.737 1350.818 1350.017 1348.405 1350.549 1356.745 1361.311 1359.094 1348.569 1338.684 1335.409 1334.872 1335.126 1335.901 1337.496 1339.394 1341.049 1342.33 1343.065 1343.891 1345.461 1347.402 1349.869 1352.418 1354.171 1357.686 1362.541 1366.307 1369.513 1371.943 1373.747 1373.316 1370.316 1366.849 1363.218 1359.199 1357.157 1357.251 1357.599 1358.626 1361.285 1363.52 1366.019 1368.516 1370.559 1372.221 1373.26 1374.851 1378.996 1383.114 1388.628 1394.996 1403.276 1415.224 1421.756 1424.879 1425.356 1425.758 1427.415 1434.29 1444.836 1444.541
1351.235 1351.668 1350.879 1348.461 1345.581 1345.794 1352.024 1356.134 1352.994 1343.234 1336.267 1334.998 1334.86 1335.849 1337.166 1338.536 1339.889 1341.093 1341.891 1342.512 1342.982 1343.955 1345.535 1347.538 1348.901 1350.239 1353.607 1357.571 1361.485 1364.633 1366.853 1367.945 1367.471 1363.808 1359.82 1357.811 1356.58 1356.301 1356.87 1357.693 1359.167 1362.115 1364.23 1366.301 1369.258 1371.488 1373.052 1374.341 1377.981 1380.133 1382.87 1388.547 1396.023 1405.661 1412.854 1414.84 1415.245 1413.723 1415.403 1422.299 1432.762 1446.111 1440.855
1353.013 1353.41 1351.591 1347.767 1344.038 1341.989 1344.868 1346.549 1343.29 1337.798 1335.296 1335.081 1335.167 1336.618 1338.362 1339.937 1341.068 1341.556 1341.578 1342.045 1342.203 1342.638 1343.757 1345.395 1346.628 1347.945 1349.92 1353.087 1356.782 1359.719 1361.731 1362.504 1361.63 1358.06 1354.97 1355.019 1355.809 1356.535 1356.995 1357.419 1359.385 1362.461 1364.052 1365.576 1369.068 1371.663 1372.766 1373.36 1377.683 1380.201 1382.709 1387.181 1393.782 1402.042 1404.946 1404.396 1406.248 1408.276 1413.226 1421.764 1434.354 1444.581 1437.004
1354.783 1355.489 1353.18 1348.617 1344.822 1341.557 1339.865 1338.973 1336.84 1335.206 1335.08 1335.485 1336.022 1337.359 1339.289 1341.145 1342.415 1342.905 1342.664 1342.464 1342.398 1342.964 1343.962 1345.376 1346.557 1347.298 1347.997 1350.223 1352.839 1354.937 1356.421 1356.949 1355.732 1352.81 1352.863 1354.509 1356.12 1357.319 1358.158 1358.919 1360.76 1363.313 1364.555 1365.544 1369.185 1372.152 1372.856 1373.505 1378.545 1382.733 1386.142 1388.739 1390.461 1393.829 1398.188 1401.711 1404.395 1411.038 1418.661 1427.278 1434.789 1439.242 1432.127
1356.36 1356.899 1354.45 1349.8 1345.816 1342.274 1338.194 1335.469 1334.18 1334.054 1335.048 1335.996 1336.824 1338.169 1340.093 1342 1343.632 1344.941 1345.21 1344.626 1344.527 1345.28 1346.266 1347.389 1348.172 1347.974 1347.979 1349.075 1350.063 1351.105 1352.007 1352.294 1351.545 1350.278 1352.346 1354.6 1356.382 1357.654 1358.88 1360.277 1362.376 1364.671 1365.462 1366.095 1368.8 1371.746 1373.007 1375.602 1380.959 1386.314 1392.119 1395.889 1396.171 1397.517 1402.309 1408.785 1414.254 1417.599 1425.783 1435.442 1442.896 1437.095 1427.252
