QGeoWEPP-demo/Example_Data/Rangeland/dem.asc
ncols         399
nrows         465
xllcorner     582812.170748
yllcorner     3499214.363749
cellsize      30
NODATA_value  -9999
[rows 196 to 223 of 465, columns 126 to 188 of 399]
1381.895 1382.432 1383.077 1382.784 1381.654 1381.252 1384.959 1389.851 1394.196 1394.835 1390.933 1388.045 1387.51 1388.203 1391.776 1395.307 1394.997 1391.07 1390.734 1393.328 1394.662 1394.739 1394.936 1394.791 1395.548 1397.196 1399.44 1402.447 1407.178 1409.854 1414.077 1423.828 1435.512 1448.738 1461.909 1475.772 1485.534 1487.371 1478.752 1468.439 1458.045 1446.498 1434.684 1424.37 1424.161 1434.244 1447.235 1460.03 1467.604 1468.249 1465.534 1462.294 1464.099 1473.485 1482.633 1486.534 1485.529 1480.27 1474.195 1465.016 1458.872 1455.638 1453.595
1384.889 1387.021 1387.811 1387.54 1386.658 1385.786 1386.425 1389.161 1394.155 1394.178 1394.231 1390.434 1387.708 1388.329 1391.911 1394.568 1395.678 1393.871 1393.886 1395.224 1395.823 1395.293 1396.41 1396.047 1396.155 1397.613 1399.962 1403.163 1408.275 1412.504 1416.205 1425.226 1437.429 1450.09 1462.923 1478.532 1491.972 1494.837 1484.565 1471.43 1459.853 1449.075 1437.625 1429.007 1426.526 1432.309 1445.191 1460.653 1472.054 1477.325 1477.372 1473.9 1473.515 1480.986 1489.809 1494.439 1493.616 1488.372 1482.611 1474.135 1466.297 1460.216 1454.582
1385.639 1388.441 1390.208 1390.202 1389.446 1388.167 1387.138 1387.037 1389.001 1393.48 1394.234 1391.135 1388.079 1388.341 1392.561 1395.459 1396.602 1395.138 1394.958 1396.057 1397.281 1397.145 1397.707 1398.539 1398.483 1398.838 1400.39 1403.182 1407.758 1412.637 1418.522 1427.498 1438.478 1450.313 1463.036 1479.14 1492.898 1496.707 1486.969 1472.666 1460.083 1449.991 1441.316 1434.482 1428.346 1432.484 1444.128 1459.593 1472.595 1482.064 1487.516 1487.4 1486.215 1491.553 1498.987 1503.073 1501.939 1496.339 1490.758 1483.181 1475.726 1468.966 1462.475
1385.03 1387.737 1390.584 1391.861 1391.525 1390.641 1390.302 1389.782 1388.18 1391.67 1392.879 1391.815 1390.218 1390.354 1393.04 1396.289 1397.603 1396.029 1395.366 1396.705 1398.437 1399.504 1400.506 1401.396 1401.348 1400.752 1400.939 1402.624 1406.723 1412.256 1419.269 1427.972 1437.958 1448.847 1460.81 1475.949 1490.695 1496.827 1488.611 1475.011 1463.566 1454.734 1448.272 1441.672 1430.94 1432.026 1442.82 1457.423 1470.324 1481.491 1490.455 1495.778 1498.282 1503.037 1507.808 1509.308 1508.143 1503.876 1498.528 1491.766 1485.158 1478.813 1472.744
1387.378 1387.918 1390.148 1393.125 1394.566 1394.86 1395.019 1394.536 1392.563 1392.554 1393.998 1394.228 1394.474 1395.164 1396.314 1399.901 1400.452 1399.329 1398.461 1399.118 1400.834 1401.746 1401.809 1403.415 1403.469 1402.156 1401.364 1402.392 1405.268 1410.387 1416.99 1425.106 1435.096 1445.422 1456.552 1470.134 1483.15 1493.479 1492.151 1481.241 1470.505 1461.942 1454.838 1447.243 1436.776 1431.756 1439.893 1452.636 1464.398 1476.322 1487.117 1494.847 1501.771 1507.199 1510.259 1510.796 1510.647 1508.912 1504.84 1499.339 1493.4 1487.461 1481.456
1391.738 1392.083 1393.397 1394.915 1397.615 1399.351 1399.473 1398.616 1395.943 1394.653 1394.794 1395.948 1397.055 1398.639 1401.453 1403.36 1402.656 1401.726 1402.292 1402.581 1403.155 1403.703 1403.001 1405.271 1405.452 1403.883 1402.442 1402.551 1403.837 1407.741 1414.824 1421.428 1429.753 1439.741 1450.622 1462.22 1473.751 1485.051 1491.412 1486.557 1478.527 1469.418 1459.913 1450.73 1441.582 1433.39 1436.6 1446.654 1457.017 1468.437 1480.252 1488.62 1496.485 1503.065 1507.232 1509.129 1509.902 1509.168 1506.464 1503.302 1498.652 1493.218 1486.959
1396.786 1398.433 1397.049 1397.082 1400.81 1403.867 1404.349 1403.4 1401.329 1399.646 1398.434 1398.191 1398.954 1401.309 1403.963 1405.45 1403.121 1403.513 1404.791 1405.924 1407.929 1409.928 1409.625 1409.349 1409.013 1405.751 1403.786 1402.68 1402.763 1405.942 1412.077 1417.733 1424.798 1433.634 1443.687 1453.88 1464.818 1476.058 1485.699 1486.386 1483.088 1474.86 1464.467 1454.523 1448.103 1440.01 1436.903 1441.565 1449.735 1460.017 1472.15 1480.764 1488.323 1494.797 1499.989 1502.776 1503.857 1503.723 1503.173 1502.297 1499.524 1494.944 1488.984
1402.368 1405.119 1403.206 1401.777 1404.725 1408.228 1409.838 1409.751 1408.042 1405.646 1403.341 1401.453 1401.355 1403.09 1406.946 1409.163 1407.475 1406.386 1407.53 1408.553 1410.93 1414.392 1414.664 1413.503 1412.193 1407.773 1404.709 1403.678 1403.796 1404.648 1410.099 1415.511 1421.615 1429.304 1438.043 1447.354 1457.128 1466.45 1477.755 1484.17 1484.95 1479.562 1471.229 1463.926 1456.644 1449.297 1442.562 1440.796 1444.474 1452.086 1462.415 1471.966 1480.687 1486.094 1489.996 1492.646 1494.267 1495.171 1495.778 1496.758 1495.961 1492.64 1487.586
1408.084 1411.222 1409.984 1407.426 1409.414 1412.762 1415.416 1417.52 1416.496 1413.278 1408.728 1404.258 1402.402 1403.326 1408.433 1410.669 1410.518 1410.03 1412.275 1414.463 1417.297 1419.735 1419.565 1417.572 1412.425 1408.7 1406.689 1406.334 1406.568 1407.441 1409.568 1412.123 1417.81 1424.469 1432.609 1440.918 1448.504 1456.024 1467.387 1476.893 1483.465 1483.675 1479.966 1474.055 1466.91 1458.038 1449.496 1445.145 1445.16 1449.097 1456.034 1465.385 1473.643 1478.479 1480.943 1483.007 1485.236 1486.945 1487.521 1489.22 1489.67 1487.619 1483.64
1414.883 1417.784 1416.192 1412.443 1413.727 1417.997 1422.835 1426.258 1425.387 1421.861 1414.705 1407.437 1403.651 1402.787 1406.515 1410.986 1412.495 1414.323 1416.886 1420.707 1424.186 1425.779 1424.671 1420.143 1412.724 1410.531 1409.448 1409.29 1410.047 1409.905 1409.021 1410.062 1414.142 1419.602 1426.021 1432.546 1438.907 1447.679 1458.416 1469.618 1480.334 1484.958 1485.804 1482.002 1474.142 1462.324 1453.791 1451.382 1452.138 1454.127 1457.076 1461.308 1466.237 1470.115 1472.625 1475.09 1477.98 1479.717 1480.476 1482.537 1483.206 1481.134 1477.584
1422.522 1423.836 1422.9 1419.148 1419.346 1424.461 1431.332 1436.569 1435.215 1428.578 1420.093 1411.59 1405.623 1404.249 1405.916 1410.641 1414.768 1417.946 1421.201 1425.561 1428.815 1428.953 1427.053 1420.812 1417.511 1416.529 1413.813 1412.693 1414.69 1413.501 1410.149 1409.07 1410.785 1415.255 1420.097 1425.959 1431.968 1439.887 1451.298 1462.673 1474.887 1485.434 1487.979 1485.794 1477.855 1465.616 1459.739 1460.609 1461.368 1460.182 1457.207 1456.266 1458.018 1460.769 1463.816 1467.046 1470.063 1471.546 1472.555 1475.279 1476.12 1473.706 1470.454
1429.583 1431.499 1430.142 1425.759 1425.047 1430.197 1438.864 1444.696 1441.169 1431.163 1421.99 1412.813 1407.086 1408.254 1410.17 1410.232 1414.345 1419.288 1424.129 1429.172 1433.08 1433.911 1429.204 1421.812 1420.076 1420.601 1418.907 1417.389 1419.346 1420.241 1416.604 1413.259 1410.934 1414.772 1419.162 1423.484 1428.078 1433.423 1444.405 1455.046 1466.514 1478.823 1488.709 1490.305 1482.602 1474.293 1469.938 1469.721 1468.919 1465.589 1458.76 1455.301 1452.129 1452.985 1455.805 1458.916 1460.746 1461.507 1463.981 1466.784 1467.72 1466.246 1463.601
1429.701 1433.9 1434.02 1429.404 1428.305 1433.072 1441.48 1447.592 1442.271 1431.584 1422.271 1413.156 1410.666 1414.506 1416.089 1411.383 1413.596 1420.908 1427.638 1433.531 1437.564 1437.707 1431.436 1425.023 1424.937 1425.273 1424.082 1423.895 1425.014 1426.484 1425.042 1420.785 1415.407 1415.979 1418.625 1422.326 1426.828 1432.833 1441.282 1449.773 1458.409 1469.021 1481.309 1493.247 1491.71 1486.444 1481.641 1478.525 1475.53 1470.998 1465.119 1457.735 1451.921 1449.119 1449.846 1451.477 1452.449 1453.503 1455.788 1458.505 1459.658 1459.124 1457.399
1423.479 1430.391 1433.855 1429.415 1426.865 1430.152 1437.112 1442.532 1440.082 1431.318 1422.102 1414.76 1415.673 1420.505 1421.669 1415.663 1415.293 1423.874 1431.591 1437.644 1440.38 1439.715 1434.567 1426.986 1428.324 1429.053 1430.01 1430.589 1430.439 1430.947 1430.328 1428.374 1424.696 1421.521 1418.769 1419.332 1423.8 1429.351 1436.769 1444.305 1452.422 1461.839 1475.721 1491.58 1494.15 1494.146 1489.966 1484.621 1479.69 1474.359 1468.393 1462.128 1457.102 1451.318 1447.775 1445.641 1444.754 1444.478 1445.495 1449.041 1452.782 1453.53 1452.679
1418.286 1426.076 1430.357 1425.892 1422.3 1424.536 1429.987 1434.71 1435.334 1429.603 1421.104 1418.524 1420.952 1425.184 1426.114 1420.379 1418.388 1425.08 1433.254 1439.224 1441.67 1441.279 1435.817 1431.088 1432.081 1434.405 1438.322 1439.553 1436.567 1436.727 1438.881 1435.048 1432.225 1428.42 1423.476 1419.526 1420.438 1426.844 1433.663 1441.549 1449.933 1460.667 1473.985 1488.657 1492.965 1493.816 1493.894 1488.038 1481.14 1474.243 1467.777 1462.811 1458.406 1454.08 1449.227 1445.011 1441.029 1436.617 1434.258 1436.405 1444.37 1448.415 1448.489
1416.405 1422.311 1425.22 1421.209 1418.204 1419.313 1423.605 1428.566 1430.213 1427.732 1423.238 1425.34 1427.943 1430.488 1430.344 1424.978 1422.208 1425.502 1431.616 1437.679 1442.015 1443.091 1438.074 1432.828 1436.265 1443.22 1446.786 1447.896 1444.721 1444.393 1448.284 1446.165 1440.701 1434.541 1427.639 1422.167 1419.685 1424.107 1431.287 1438.255 1445.678 1455.063 1466.402 1479.254 1488.584 1492.661 1494.278 1488.465 1479.898 1469.51 1461.154 1456.868 1456.865 1454.259 1450.508 1447.894 1444.245 1441.49 1437.895 1433.661 1435.487 1441.424 1442.693
1417.938 1419.732 1419.758 1417.384 1414.666 1414.173 1417.758 1423.706 1426.561 1426.71 1426.871 1430.932 1432.811 1433.447 1433.23 1429.091 1425.508 1426.73 1428.193 1433.641 1441.519 1446.236 1442.783 1435.272 1439.392 1449.356 1454.876 1457.02 1455.484 1455.503 1457.016 1453.471 1446.861 1439.93 1432.356 1426.42 1423.6 1423.893 1428.817 1435.03 1441.739 1450.571 1460.105 1468.891 1472.705 1479.867 1487.412 1485.446 1478.486 1470.235 1462.901 1457.746 1455.259 1451.762 1449.589 1448.524 1446.467 1443.636 1441.148 1435.773 1433.18 1434.72 1435.839
1422.387 1419.392 1415.209 1414.207 1412.385 1411.221 1413.388 1419.016 1423.787 1425.157 1426.807 1430.864 1433.186 1433.612 1433.214 1431.694 1430.366 1429.774 1428.12 1431.704 1440.796 1447.934 1447.037 1440.731 1441.053 1451.638 1460.361 1465.426 1466.542 1465.898 1464.584 1458.66 1449.576 1441.352 1435.239 1432.721 1431.736 1431.794 1428.919 1429.949 1435.035 1442.892 1450.73 1455.369 1458.864 1470.322 1481.541 1484.623 1480.473 1474.249 1468.643 1463.527 1459.01 1454.697 1449.762 1447.505 1445.076 1441.53 1439.18 1434.802 1433.015 1432.251 1431.531
1425.345 1419.171 1411.781 1411.576 1411.264 1409.484 1410.405 1415.793 1420.567 1421.095 1422.729 1426.928 1429.875 1431.136 1430.895 1430.418 1432.06 1434.356 1432.973 1433.199 1438.78 1446.772 1449.458 1446.528 1444.792 1451.242 1461.625 1470.801 1475.715 1474.679 1471.143 1460.148 1450.569 1443.483 1440.923 1441.181 1441.984 1441.28 1436.923 1434.226 1433.727 1436.969 1441.314 1445.218 1451.257 1463.235 1477.062 1484.789 1486.077 1482.97 1477.582 1472.153 1466.632 1461.147 1454.56 1450.311 1447.489 1443.084 1438.693 1435.348 1433.858 1432.077 1430.394
1422.95 1415.191 1408.143 1409.134 1409.414 1406.67 1407.79 1414.059 1417.549 1416.559 1418.102 1421.857 1424.198 1425.688 1426.159 1426.929 1430.879 1436.448 1438.368 1437.925 1440.167 1447.084 1453.118 1453.407 1452.225 1454.664 1463.976 1474.612 1482.474 1482.525 1475.246 1462.944 1454.785 1450.18 1448.727 1448.585 1449.363 1449.327 1447.352 1444.44 1442.937 1440.449 1440.087 1441.491 1447.479 1456.768 1469.113 1477.626 1483.631 1485.056 1482.8 1478.414 1471.397 1464.149 1457.205 1452.135 1448.938 1445.231 1440.752 1434.955 1432.281 1431.886 1430.975
1416.476 1408.696 1403.865 1405.242 1405.768 1404.066 1405.389 1410.45 1413.396 1412.58 1414.42 1417.604 1418.967 1419.801 1420.56 1423.322 1428.177 1433.66 1437.244 1439.207 1442.058 1448.6 1457.254 1461.641 1460.83 1461.195 1468.126 1477.886 1486.736 1489.486 1483.744 1472.164 1462.911 1461.117 1460.872 1459.492 1458.79 1460.3 1460.655 1457.385 1453.967 1448.804 1443.809 1441.265 1442.827 1450.638 1459.269 1466.575 1472.351 1478.197 1484.38 1483.432 1473.434 1466.369 1458.956 1453.536 1448.459 1442.948 1438.737 1433.902 1432.785 1432.111 1433.315
1408.856 1403.155 1399.797 1400.312 1401.819 1403.26 1404.82 1407.371 1410.691 1411.948 1414.933 1417.439 1417.751 1417.456 1417.719 1420.411 1424.118 1428.151 1431.079 1434.912 1440.718 1449.19 1459.443 1467.132 1469.579 1470.147 1475.515 1483.476 1491.375 1496.066 1493.394 1481.71 1474.503 1475.146 1475.529 1473.269 1470.208 1471.645 1471.586 1469.192 1463.81 1458.082 1452.308 1446.674 1442.262 1444.778 1450.657 1456.826 1463.299 1473.258 1484.924 1486.365 1476.924 1467.728 1461.238 1456.724 1450.92 1444.194 1438.403 1434.347 1434.545 1439.071 1439.156
1401.274 1398.751 1397.06 1397.943 1401.675 1405.941 1409.267 1412.232 1415.984 1418.787 1422.104 1422.245 1420.577 1418.682 1418.014 1419.034 1420.812 1423.859 1426.469 1430.755 1438.733 1448.898 1459.885 1469.26 1476.345 1480.776 1485.513 1490.994 1496.667 1500.268 1497.628 1488.589 1484.364 1484.513 1484.773 1483.164 1478.695 1476.674 1477.066 1473.483 1469.243 1464.701 1460.015 1454.149 1447.635 1442.611 1446.152 1452.452 1458.962 1468.599 1480.265 1485.756 1478.355 1467.847 1461.442 1457.106 1451.661 1445.645 1440.041 1434.78 1433.982 1441.209 1442.24
1395.809 1396.548 1397.232 1400.927 1407.385 1413.283 1418.461 1423.413 1427.433 1430.257 1432.177 1428.684 1424.326 1421.134 1420.26 1421.431 1423.239 1425.783 1427.989 1430.625 1437.846 1448.545 1460.314 1470.408 1480.961 1488.328 1491.546 1494.23 1497.39 1497.761 1493.948 1488.04 1485.362 1485.602 1486.133 1485.364 1480.708 1477.706 1476.207 1470.909 1468.302 1466.431 1464.452 1460.168 1453.714 1445.642 1445.336 1450.461 1455.491 1461.979 1470.379 1475.675 1473.444 1465.12 1460.106 1455.689 1450.709 1445.517 1439.798 1434.717 1433.856 1440.611 1442.571
1393.845 1396.919 1400.63 1407.817 1416.33 1422.966 1428.838 1434.504 1438.878 1441.076 1439.861 1432.922 1426.976 1424.054 1424.295 1427.515 1431.159 1433.932 1435.846 1436.156 1440.805 1450.596 1462.175 1471.312 1480.608 1485.9 1487.166 1488.904 1491.506 1490.847 1486.723 1482.775 1480.791 1481.371 1483.308 1482.856 1477.22 1473.327 1472.406 1467.544 1465.207 1464.995 1464.892 1462.711 1457.84 1451.35 1447.906 1449.673 1453.249 1456.945 1460.431 1462.62 1462.637 1459.749 1457.01 1453.473 1449.61 1444.916 1439.467 1434.757 1433.967 1438.344 1442.274
1393.92 1398.761 1404.139 1413.304 1422.908 1430.496 1437.298 1443.156 1446.341 1446.593 1441.311 1432.862 1427.673 1426.744 1429.04 1433.614 1438.309 1442.603 1445.447 1445.517 1448.26 1454.966 1463.227 1469.246 1473.94 1475.748 1476.578 1478.638 1481.892 1483.348 1480.847 1477.548 1475.596 1475.845 1478.259 1478.23 1473.037 1467.51 1467.74 1465.614 1462.907 1462.482 1463.048 1462.118 1458.695 1455.194 1451.26 1450.909 1452.141 1453.063 1453.653 1453.626 1452.008 1452.102 1451.793 1449.485 1447.06 1444.044 1439.99 1436.814 1436.392 1440.589 1443.425
1394.714 1399.88 1405.443 1414.339 1424.869 1433.662 1440.765 1445.597 1446.236 1443.634 1436.248 1428.639 1426.065 1428.418 1433.361 1438.767 1443.394 1448.958 1452.616 1453.002 1453.622 1456.145 1460.131 1463.008 1464.586 1464.745 1466.594 1469.806 1474.338 1478.407 1478.334 1475.021 1472.622 1472.416 1473.374 1473.17 1469.332 1464.34 1464.146 1464.175 1460.643 1458.326 1458.226 1458.148 1456.88 1454.714 1451.453 1450.401 1450.162 1449.378 1448.418 1447.044 1444.036 1444.668 1444.254 1443.203 1442.461 1442.083 1441.122 1440.182 1440.244 1441.337 1444.336
1395.684 1399.757 1405.232 1413.979 1424.15 1432.481 1438.309 1441.066 1439.243 1434.901 1427.9 1423.021 1423.969 1429.791 1437.178 1443.617 1447.584 1452.635 1455.64 1455.49 1453.354 1452.666 1454.538 1456.324 1457.529 1459.257 1463.614 1469.037 1474.874 1479.468 1480.016 1477.578 1474.064 1471.872 1470.2 1468.81 1465.788 1462.333 1461.137 1460.989 1458.294 1455.852 1454.728 1454.082 1452.958 1451.079 1449.736 1449.219 1448.612 1447.591 1446.075 1443.637 1442.598 1442.123 1441.688 1441.632 1441.433 1441.916 1444.048 1446.935 1446.386 1442.766 1446.701
