QGeoWEPP-demo/Example_Data/LuckyHills/dem.asc
ncols         392
nrows         291
xllcorner     589481.35839652
yllcorner     3512308
cellsize      1
NODATA_value  -9999
[rows 56 to 83 of 291, columns 256 to 319 of 392]
1372.802 1372.802 1372.807 1372.86 1372.88 1372.897 1372.94 1372.958 1372.979 1372.993 1373.009 1373.044 1373.104 1373.12 1373.127 1373.144 1373.142 1373.153 1373.174 1373.198 1373.238 1373.282 1373.319 1373.37 1373.371 1373.392 1373.425 1373.449 1373.476 1373.474 1373.515 1373.534 1373.539 1373.564 1373.598 1373.628 1373.638 1373.671 1373.72 1373.749 1373.762 1373.792 1373.813 1373.83 1373.875 1373.957 1373.954 1373.964 1373.995 1373.988 1374.011 1374.059 1374.087 1374.107 1374.162 1374.225 1374.245 1374.271 1374.315 1374.315 1374.346 1374.412 1374.413 1374.429
1372.805 1372.813 1372.813 1372.86 1372.888 1372.888 1372.961 1372.968 1372.958 1373.006 1373.003 1373.032 1373.074 1373.104 1373.146 1373.115 1373.141 1373.142 1373.173 1373.215 1373.249 1373.29 1373.32 1373.35 1373.36 1373.383 1373.401 1373.44 1373.47 1373.473 1373.499 1373.514 1373.532 1373.596 1373.638 1373.646 1373.669 1373.687 1373.712 1373.743 1373.765 1373.799 1373.825 1373.831 1373.848 1373.907 1373.921 1373.955 1373.987 1373.97 1374.002 1374.05 1374.084 1374.109 1374.153 1374.2 1374.248 1374.279 1374.271 1374.28 1374.331 1374.389 1374.391 1374.412
1372.813 1372.835 1372.839 1372.855 1372.876 1372.902 1372.938 1372.967 1372.96 1373.003 1373.047 1373.059 1373.08 1373.109 1373.119 1373.128 1373.139 1373.148 1373.216 1373.24 1373.254 1373.292 1373.316 1373.34 1373.342 1373.373 1373.397 1373.438 1373.446 1373.463 1373.494 1373.511 1373.538 1373.64 1373.646 1373.633 1373.652 1373.662 1373.711 1373.711 1373.712 1373.799 1373.848 1373.831 1373.835 1373.878 1373.906 1373.941 1373.951 1373.949 1373.982 1374.026 1374.074 1374.115 1374.15 1374.197 1374.234 1374.239 1374.272 1374.268 1374.285 1374.328 1374.347 1374.375
1372.82 1372.832 1372.848 1372.883 1372.909 1372.936 1372.942 1372.95 1372.969 1373.013 1373.048 1373.045 1373.081 1373.082 1373.082 1373.092 1373.138 1373.174 1373.223 1373.242 1373.26 1373.253 1373.286 1373.296 1373.306 1373.336 1373.406 1373.43 1373.421 1373.453 1373.478 1373.517 1373.538 1373.576 1373.615 1373.599 1373.621 1373.655 1373.698 1373.698 1373.714 1373.783 1373.824 1373.803 1373.817 1373.861 1373.885 1373.922 1373.928 1373.948 1373.968 1373.998 1374.056 1374.113 1374.129 1374.174 1374.216 1374.221 1374.21 1374.254 1374.305 1374.315 1374.32 1374.345
1372.83 1372.844 1372.874 1372.881 1372.905 1372.922 1372.94 1372.956 1372.983 1373.021 1373.039 1373.026 1373.039 1373.049 1373.081 1373.107 1373.147 1373.182 1373.213 1373.24 1373.254 1373.256 1373.27 1373.292 1373.313 1373.343 1373.393 1373.455 1373.469 1373.454 1373.494 1373.524 1373.538 1373.568 1373.58 1373.604 1373.655 1373.68 1373.68 1373.672 1373.691 1373.72 1373.783 1373.797 1373.83 1373.843 1373.874 1373.908 1373.94 1373.959 1373.971 1374.012 1374.047 1374.098 1374.116 1374.126 1374.166 1374.202 1374.219 1374.232 1374.292 1374.305 1374.301 1374.344
1372.829 1372.845 1372.875 1372.885 1372.896 1372.9 1372.955 1372.953 1372.981 1373.006 1373.026 1373.004 1373.02 1373.054 1373.102 1373.12 1373.14 1373.173 1373.212 1373.228 1373.244 1373.264 1373.269 1373.302 1373.324 1373.35 1373.405 1373.431 1373.445 1373.449 1373.49 1373.521 1373.532 1373.563 1373.568 1373.631 1373.666 1373.68 1373.686 1373.667 1373.681 1373.718 1373.742 1373.762 1373.827 1373.836 1373.869 1373.908 1373.951 1373.938 1373.971 1374.004 1374.027 1374.043 1374.08 1374.092 1374.11 1374.145 1374.171 1374.237 1374.26 1374.27 1374.311 1374.348
1372.818 1372.853 1372.875 1372.893 1372.908 1372.944 1372.975 1372.982 1373 1373 1372.973 1373.008 1373.02 1373.068 1373.11 1373.122 1373.161 1373.18 1373.193 1373.221 1373.26 1373.253 1373.298 1373.327 1373.362 1373.37 1373.403 1373.425 1373.427 1373.454 1373.51 1373.533 1373.531 1373.542 1373.533 1373.6 1373.634 1373.656 1373.684 1373.685 1373.704 1373.725 1373.747 1373.786 1373.824 1373.829 1373.862 1373.888 1373.904 1373.922 1373.962 1373.993 1374.012 1374.018 1374.06 1374.08 1374.068 1374.127 1374.14 1374.218 1374.215 1374.274 1374.317 1374.262
1372.83 1372.86 1372.877 1372.903 1372.915 1372.944 1372.967 1372.973 1372.968 1372.973 1372.999 1373.034 1373.067 1373.105 1373.127 1373.158 1373.184 1373.183 1373.205 1373.242 1373.278 1373.255 1373.313 1373.347 1373.351 1373.365 1373.385 1373.415 1373.42 1373.453 1373.511 1373.539 1373.533 1373.514 1373.519 1373.546 1373.567 1373.627 1373.658 1373.67 1373.701 1373.74 1373.769 1373.788 1373.81 1373.838 1373.852 1373.852 1373.857 1373.905 1373.953 1373.974 1373.995 1374.009 1374.045 1374.042 1374.043 1374.086 1374.117 1374.196 1374.2 1374.254 1374.275 1374.241
1372.843 1372.868 1372.882 1372.9 1372.91 1372.93 1372.938 1372.95 1372.963 1373.003 1373.031 1373.038 1373.077 1373.094 1373.129 1373.175 1373.2 1373.215 1373.212 1373.219 1373.258 1373.257 1373.298 1373.322 1373.338 1373.361 1373.391 1373.404 1373.42 1373.432 1373.443 1373.482 1373.504 1373.526 1373.519 1373.535 1373.566 1373.609 1373.659 1373.652 1373.7 1373.7 1373.709 1373.788 1373.785 1373.83 1373.867 1373.856 1373.85 1373.892 1373.941 1373.937 1373.966 1373.974 1374.017 1374.019 1374.026 1374.053 1374.09 1374.172 1374.206 1374.214 1374.215 1374.208
1372.839 1372.864 1372.881 1372.893 1372.902 1372.917 1372.903 1372.919 1372.957 1373.023 1373.041 1373.038 1373.071 1373.083 1373.117 1373.166 1373.191 1373.214 1373.23 1373.22 1373.229 1373.269 1373.306 1373.314 1373.322 1373.342 1373.364 1373.414 1373.443 1373.449 1373.464 1373.455 1373.467 1373.509 1373.524 1373.543 1373.577 1373.618 1373.669 1373.673 1373.683 1373.694 1373.709 1373.768 1373.816 1373.803 1373.827 1373.843 1373.841 1373.865 1373.886 1373.88 1373.895 1373.899 1373.944 1373.962 1373.994 1374.002 1374.029 1374.079 1374.13 1374.151 1374.189 1374.189
1372.817 1372.845 1372.833 1372.844 1372.867 1372.878 1372.897 1372.957 1372.969 1372.995 1373.037 1373.047 1373.078 1373.063 1373.106 1373.169 1373.171 1373.19 1373.219 1373.209 1373.224 1373.269 1373.276 1373.321 1373.324 1373.339 1373.369 1373.403 1373.423 1373.443 1373.457 1373.459 1373.461 1373.503 1373.547 1373.549 1373.57 1373.623 1373.639 1373.652 1373.656 1373.681 1373.717 1373.758 1373.807 1373.8 1373.811 1373.816 1373.835 1373.854 1373.849 1373.832 1373.858 1373.872 1373.902 1373.931 1373.943 1373.965 1373.992 1374.031 1374.073 1374.109 1374.125 1374.142
1372.784 1372.805 1372.824 1372.816 1372.854 1372.876 1372.911 1372.941 1372.949 1372.955 1372.996 1373.074 1373.096 1373.073 1373.135 1373.168 1373.188 1373.196 1373.192 1373.19 1373.217 1373.255 1373.293 1373.354 1373.353 1373.343 1373.361 1373.388 1373.41 1373.42 1373.43 1373.436 1373.456 1373.5 1373.533 1373.549 1373.549 1373.586 1373.6 1373.628 1373.647 1373.657 1373.688 1373.716 1373.74 1373.807 1373.831 1373.803 1373.786 1373.802 1373.792 1373.8 1373.823 1373.867 1373.859 1373.881 1373.934 1373.957 1373.982 1374.004 1374.032 1374.073 1374.099 1374.13
1372.775 1372.787 1372.794 1372.804 1372.839 1372.866 1372.895 1372.923 1372.928 1372.944 1372.994 1373.079 1373.092 1373.091 1373.122 1373.139 1373.164 1373.194 1373.194 1373.185 1373.212 1373.241 1373.263 1373.313 1373.329 1373.353 1373.351 1373.362 1373.383 1373.39 1373.416 1373.453 1373.464 1373.485 1373.493 1373.521 1373.55 1373.585 1373.608 1373.611 1373.63 1373.649 1373.661 1373.692 1373.721 1373.751 1373.76 1373.784 1373.763 1373.753 1373.781 1373.807 1373.843 1373.874 1373.864 1373.877 1373.935 1373.955 1373.966 1374.004 1374.048 1374.09 1374.11 1374.139
1372.752 1372.772 1372.782 1372.807 1372.832 1372.853 1372.874 1372.909 1372.923 1372.932 1373.006 1373.059 1373.067 1373.109 1373.125 1373.123 1373.156 1373.177 1373.18 1373.177 1373.201 1373.228 1373.253 1373.282 1373.309 1373.353 1373.344 1373.346 1373.348 1373.382 1373.418 1373.441 1373.463 1373.476 1373.487 1373.507 1373.537 1373.582 1373.596 1373.594 1373.629 1373.663 1373.674 1373.688 1373.714 1373.72 1373.715 1373.732 1373.721 1373.723 1373.721 1373.774 1373.807 1373.844 1373.875 1373.904 1373.927 1373.919 1373.943 1373.986 1374.072 1374.099 1374.109 1374.128
1372.742 1372.763 1372.78 1372.812 1372.836 1372.841 1372.857 1372.887 1372.906 1372.917 1372.971 1373.018 1373.016 1373.052 1373.115 1373.13 1373.14 1373.159 1373.159 1373.18 1373.189 1373.208 1373.239 1373.255 1373.273 1373.326 1373.302 1373.314 1373.325 1373.375 1373.402 1373.416 1373.462 1373.457 1373.473 1373.487 1373.522 1373.571 1373.581 1373.583 1373.611 1373.661 1373.681 1373.686 1373.711 1373.707 1373.697 1373.708 1373.675 1373.654 1373.696 1373.765 1373.805 1373.836 1373.902 1373.942 1373.952 1373.975 1373.979 1374.021 1374.074 1374.083 1374.094 1374.129
1372.76 1372.77 1372.782 1372.806 1372.822 1372.826 1372.846 1372.875 1372.89 1372.906 1372.961 1372.971 1372.994 1373.05 1373.078 1373.091 1373.12 1373.142 1373.134 1373.145 1373.145 1373.163 1373.187 1373.211 1373.276 1373.259 1373.24 1373.269 1373.309 1373.344 1373.4 1373.42 1373.451 1373.475 1373.479 1373.486 1373.507 1373.551 1373.567 1373.585 1373.589 1373.636 1373.65 1373.667 1373.679 1373.685 1373.686 1373.658 1373.609 1373.605 1373.668 1373.749 1373.824 1373.861 1373.921 1373.943 1373.941 1373.982 1373.988 1374.003 1374.062 1374.084 1374.085 1374.123
1372.755 1372.771 1372.778 1372.798 1372.799 1372.807 1372.823 1372.841 1372.832 1372.883 1372.925 1372.941 1372.958 1373.008 1373.035 1373.054 1373.069 1373.103 1373.113 1373.092 1373.107 1373.123 1373.137 1373.138 1373.177 1373.187 1373.186 1373.229 1373.284 1373.301 1373.349 1373.388 1373.411 1373.448 1373.461 1373.468 1373.489 1373.511 1373.538 1373.568 1373.588 1373.619 1373.641 1373.631 1373.623 1373.613 1373.642 1373.61 1373.559 1373.6 1373.669 1373.75 1373.849 1373.89 1373.909 1373.904 1373.905 1373.94 1373.966 1373.959 1374.007 1374.072 1374.087 1374.078
1372.723 1372.769 1372.771 1372.787 1372.778 1372.776 1372.798 1372.813 1372.824 1372.848 1372.868 1372.901 1372.928 1372.99 1372.991 1373.027 1373.025 1373.051 1373.046 1373.041 1373.057 1373.061 1373.093 1373.09 1373.104 1373.11 1373.112 1373.19 1373.244 1373.269 1373.31 1373.338 1373.366 1373.423 1373.441 1373.443 1373.429 1373.458 1373.51 1373.556 1373.567 1373.593 1373.594 1373.593 1373.579 1373.561 1373.586 1373.523 1373.385 1373.477 1373.624 1373.705 1373.757 1373.786 1373.763 1373.782 1373.802 1373.808 1373.849 1373.858 1373.901 1373.97 1374.007 1374.03
1372.688 1372.73 1372.735 1372.742 1372.75 1372.755 1372.763 1372.759 1372.775 1372.776 1372.785 1372.829 1372.872 1372.899 1372.901 1372.958 1372.978 1372.999 1372.989 1372.969 1372.978 1373.014 1373.014 1373.031 1373.056 1373.062 1373.057 1373.133 1373.192 1373.235 1373.277 1373.293 1373.318 1373.403 1373.401 1373.388 1373.383 1373.403 1373.43 1373.468 1373.5 1373.514 1373.527 1373.523 1373.503 1373.458 1373.428 1373.369 1373.263 1373.424 1373.534 1373.6 1373.657 1373.687 1373.727 1373.722 1373.733 1373.757 1373.8 1373.819 1373.846 1373.888 1373.923 1373.945
1372.651 1372.672 1372.697 1372.686 1372.699 1372.705 1372.689 1372.708 1372.701 1372.717 1372.734 1372.758 1372.818 1372.829 1372.845 1372.895 1372.907 1372.929 1372.944 1372.924 1372.942 1372.941 1372.932 1372.935 1372.954 1372.985 1372.975 1373.029 1373.042 1373.093 1373.165 1373.201 1373.215 1373.28 1373.328 1373.34 1373.371 1373.348 1373.355 1373.387 1373.408 1373.442 1373.471 1373.427 1373.395 1373.376 1373.309 1373.221 1373.2 1373.378 1373.455 1373.49 1373.55 1373.616 1373.699 1373.678 1373.675 1373.718 1373.762 1373.763 1373.791 1373.817 1373.859 1373.908
1372.602 1372.6 1372.616 1372.627 1372.641 1372.634 1372.636 1372.639 1372.652 1372.672 1372.7 1372.699 1372.736 1372.773 1372.794 1372.816 1372.843 1372.872 1372.899 1372.889 1372.886 1372.886 1372.849 1372.848 1372.877 1372.909 1372.897 1372.935 1372.976 1373.051 1373.118 1373.138 1373.148 1373.149 1373.184 1373.215 1373.246 1373.255 1373.274 1373.301 1373.297 1373.337 1373.314 1373.26 1373.237 1373.225 1373.191 1373.114 1373.071 1373.273 1373.386 1373.434 1373.483 1373.534 1373.588 1373.613 1373.629 1373.661 1373.712 1373.727 1373.759 1373.768 1373.799 1373.862
1372.549 1372.539 1372.548 1372.547 1372.554 1372.542 1372.552 1372.56 1372.599 1372.643 1372.66 1372.64 1372.672 1372.73 1372.742 1372.771 1372.779 1372.817 1372.866 1372.842 1372.841 1372.82 1372.787 1372.821 1372.834 1372.826 1372.823 1372.871 1372.921 1372.992 1373.035 1373.016 1373.035 1373.075 1373.112 1373.133 1373.182 1373.182 1373.206 1373.223 1373.194 1373.23 1373.221 1373.172 1373.13 1373.125 1373.096 1373.031 1373.016 1373.148 1373.267 1373.337 1373.393 1373.42 1373.442 1373.518 1373.559 1373.591 1373.636 1373.644 1373.664 1373.715 1373.749 1373.76
1372.432 1372.469 1372.46 1372.462 1372.449 1372.445 1372.458 1372.48 1372.521 1372.556 1372.54 1372.556 1372.619 1372.668 1372.688 1372.684 1372.68 1372.753 1372.774 1372.766 1372.773 1372.738 1372.738 1372.744 1372.738 1372.756 1372.761 1372.814 1372.868 1372.908 1372.939 1372.967 1372.972 1373.014 1373.061 1373.067 1373.084 1373.091 1373.116 1373.122 1373.104 1373.105 1373.103 1373.061 1373.029 1373.018 1373.001 1372.941 1372.989 1373.12 1373.215 1373.3 1373.348 1373.389 1373.429 1373.481 1373.51 1373.53 1373.583 1373.619 1373.635 1373.68 1373.692 1373.736
1372.346 1372.384 1372.383 1372.382 1372.374 1372.397 1372.41 1372.438 1372.448 1372.477 1372.498 1372.521 1372.597 1372.621 1372.615 1372.621 1372.625 1372.63 1372.639 1372.648 1372.629 1372.685 1372.687 1372.647 1372.617 1372.644 1372.681 1372.703 1372.731 1372.801 1372.833 1372.86 1372.89 1372.939 1372.974 1373.007 1373.018 1373.018 1373.021 1372.997 1372.982 1372.976 1372.983 1372.952 1372.927 1372.916 1372.887 1372.852 1372.979 1373.093 1373.183 1373.243 1373.28 1373.351 1373.393 1373.44 1373.469 1373.49 1373.525 1373.551 1373.608 1373.647 1373.641 1373.696
1372.285 1372.311 1372.314 1372.295 1372.294 1372.325 1372.359 1372.387 1372.42 1372.438 1372.454 1372.493 1372.526 1372.544 1372.561 1372.541 1372.558 1372.584 1372.587 1372.586 1372.555 1372.591 1372.571 1372.55 1372.539 1372.567 1372.581 1372.621 1372.69 1372.739 1372.763 1372.803 1372.832 1372.857 1372.867 1372.893 1372.918 1372.924 1372.885 1372.875 1372.872 1372.842 1372.801 1372.8 1372.778 1372.776 1372.784 1372.891 1372.987 1373.124 1373.176 1373.219 1373.235 1373.288 1373.343 1373.394 1373.448 1373.464 1373.462 1373.501 1373.549 1373.586 1373.591 1373.647
1372.22 1372.251 1372.269 1372.254 1372.269 1372.275 1372.319 1372.368 1372.388 1372.373 1372.39 1372.439 1372.448 1372.459 1372.481 1372.482 1372.504 1372.521 1372.508 1372.518 1372.502 1372.507 1372.507 1372.49 1372.519 1372.519 1372.532 1372.587 1372.638 1372.678 1372.708 1372.738 1372.767 1372.797 1372.825 1372.854 1372.843 1372.835 1372.809 1372.786 1372.77 1372.734 1372.709 1372.674 1372.669 1372.761 1372.855 1372.916 1373.013 1373.089 1373.145 1373.179 1373.205 1373.245 1373.309 1373.323 1373.364 1373.394 1373.405 1373.417 1373.438 1373.485 1373.527 1373.582
1372.161 1372.149 1372.177 1372.164 1372.197 1372.215 1372.254 1372.279 1372.262 1372.298 1372.319 1372.342 1372.355 1372.375 1372.366 1372.392 1372.398 1372.425 1372.446 1372.445 1372.447 1372.437 1372.446 1372.433 1372.441 1372.45 1372.479 1372.538 1372.561 1372.601 1372.646 1372.655 1372.687 1372.712 1372.749 1372.798 1372.768 1372.745 1372.724 1372.713 1372.678 1372.657 1372.64 1372.618 1372.697 1372.801 1372.899 1372.935 1372.998 1373.059 1373.113 1373.141 1373.168 1373.241 1373.253 1373.274 1373.311 1373.339 1373.381 1373.379 1373.394 1373.435 1373.493 1373.569
1372.115 1372.11 1372.121 1372.128 1372.151 1372.145 1372.175 1372.203 1372.239 1372.268 1372.265 1372.267 1372.28 1372.288 1372.311 1372.326 1372.329 1372.346 1372.368 1372.35 1372.36 1372.359 1372.35 1372.335 1372.335 1372.347 1372.399 1372.458 1372.498 1372.536 1372.558 1372.586 1372.606 1372.615 1372.657 1372.723 1372.707 1372.667 1372.658 1372.625 1372.579 1372.566 1372.565 1372.587 1372.696 1372.805 1372.887 1372.932 1372.986 1373.031 1373.085 1373.093 1373.143 1373.171 1373.18 1373.233 1373.25 1373.287 1373.337 1373.345 1373.358 1373.421 1373.462 1373.542
