QGeoWEPP-demo/Example_Data/LuckyHills/dem.asc
ncols         392
nrows         291
xllcorner     589481.35839652
yllcorner     3512308
cellsize      1
NODATA_value  -9999
[rows 140 to 167 of 291, columns 320 to 383 of 392]
1373.883 1373.839 1373.812 1373.729 1373.644 1373.571 1373.531 1373.49 1373.458 1373.397 1373.369 1373.367 1373.29 1373.216 1373.152 1373.14 1373.069 1372.993 1372.98 1372.913 1372.813 1372.727 1372.661 1372.596 1372.513 1372.405 1372.325 1372.251 1372.153 1372.091 1372.061 1372.011 1371.943 1371.881 1371.832 1371.803 1371.727 1371.659 1371.574 1371.477 1371.291 1371.221 1371.289 1371.322 1371.307 1371.284 1371.263 1371.26 1371.255 1371.232 1371.185 1371.156 1371.113 1371.097 -9999 -9999 -9999 -9999 -9999 -9999 -9999 -9999 -9999 -9999
1373.875 1373.815 1373.799 1373.734 1373.667 1373.6 1373.526 1373.484 1373.449 1373.387 1373.351 1373.349 1373.309 1373.22 1373.184 1373.137 1373.074 1372.997 1372.951 1372.915 1372.82 1372.731 1372.637 1372.56 1372.465 1372.384 1372.286 1372.2 1372.141 1372.1 1372.047 1371.986 1371.881 1371.845 1371.804 1371.775 1371.754 1371.655 1371.555 1371.422 1371.239 1371.135 1371.208 1371.229 1371.226 1371.201 1371.2 1371.2 1371.201 1371.174 1371.139 1371.106 1371.081 1371.025 -9999 -9999 -9999 -9999 -9999 -9999 -9999 -9999 -9999 -9999
1373.879 1373.837 1373.8 1373.698 1373.643 1373.581 1373.521 1373.464 1373.435 1373.423 1373.366 1373.315 1373.277 1373.215 1373.203 1373.144 1373.07 1373.003 1372.944 1372.886 1372.793 1372.734 1372.673 1372.527 1372.398 1372.313 1372.253 1372.223 1372.152 1372.093 1372.004 1371.961 1371.879 1371.83 1371.763 1371.659 1371.712 1371.611 1371.497 1371.353 1371.182 1371.064 1371.107 1371.118 1371.126 1371.121 1371.098 1371.099 1371.126 1371.084 1371.059 1371.047 1371.004 -9999 -9999 -9999 -9999 -9999 -9999 -9999 -9999 -9999 -9999 -9999
1373.89 1373.859 1373.794 1373.7 1373.62 1373.577 1373.506 1373.447 1373.437 1373.429 1373.389 1373.317 1373.254 1373.214 1373.19 1373.145 1373.09 1373.007 1372.919 1372.878 1372.822 1372.769 1372.664 1372.52 1372.399 1372.328 1372.258 1372.208 1372.148 1372.085 1372.002 1371.916 1371.844 1371.794 1371.696 1371.628 1371.541 1371.458 1371.351 1371.234 1371.103 1370.915 1370.885 1370.929 1370.916 1370.936 1370.942 1370.948 1370.948 1370.945 1370.917 1370.884 1370.89 -9999 -9999 -9999 -9999 -9999 -9999 -9999 -9999 -9999 -9999 -9999
1373.938 1373.872 1373.747 1373.694 1373.645 1373.573 1373.504 1373.45 1373.409 1373.406 1373.367 1373.314 1373.254 1373.194 1373.163 1373.119 1373.083 1373.01 1372.909 1372.858 1372.807 1372.736 1372.602 1372.478 1372.386 1372.319 1372.257 1372.18 1372.115 1372.056 1371.964 1371.886 1371.84 1371.822 1371.75 1371.641 1371.56 1371.458 1371.354 1371.252 1371.156 1370.97 1370.809 1370.749 1370.75 1370.808 1370.843 1370.835 1370.837 1370.841 1370.828 1370.85 -9999 -9999 -9999 -9999 -9999 -9999 -9999 -9999 -9999 -9999 -9999 -9999
1373.915 1373.859 1373.75 1373.709 1373.641 1373.589 1373.51 1373.442 1373.382 1373.361 1373.332 1373.307 1373.266 1373.221 1373.164 1373.12 1373.06 1373.015 1372.914 1372.832 1372.745 1372.663 1372.582 1372.467 1372.383 1372.319 1372.235 1372.145 1372.072 1372.045 1371.954 1371.883 1371.852 1371.842 1371.777 1371.67 1371.557 1371.471 1371.39 1371.308 1371.206 1371.052 1370.883 1370.746 1370.656 1370.647 1370.736 1370.744 1370.739 1370.745 1370.762 1370.79 -9999 -9999 -9999 -9999 -9999 -9999 -9999 -9999 -9999 -9999 -9999 -9999
1373.889 1373.857 1373.782 1373.729 1373.646 1373.555 1373.504 1373.452 1373.376 1373.323 1373.297 1373.283 1373.257 1373.207 1373.139 1373.11 1373.081 1373.013 1372.914 1372.808 1372.713 1372.657 1372.573 1372.505 1372.377 1372.303 1372.246 1372.178 1372.113 1372.063 1371.991 1371.919 1371.851 1371.859 1371.824 1371.733 1371.661 1371.54 1371.444 1371.369 1371.28 1371.156 1371 1370.864 1370.709 1370.549 1370.629 1370.676 1370.649 1370.68 1370.692 -9999 -9999 -9999 -9999 -9999 -9999 -9999 -9999 -9999 -9999 -9999 -9999 -9999
1373.864 1373.828 1373.77 1373.724 1373.641 1373.541 1373.516 1373.45 1373.385 1373.32 1373.293 1373.269 1373.231 1373.196 1373.134 1373.104 1373.075 1372.978 1372.894 1372.817 1372.721 1372.662 1372.578 1372.486 1372.383 1372.324 1372.271 1372.218 1372.131 1372.071 1372.019 1371.952 1371.871 1371.852 1371.805 1371.763 1371.71 1371.625 1371.516 1371.417 1371.364 1371.253 1371.105 1370.909 1370.723 1370.586 1370.483 1370.374 1370.441 1370.512 -9999 -9999 -9999 -9999 -9999 -9999 -9999 -9999 -9999 -9999 -9999 -9999 -9999 -9999
1373.86 1373.817 1373.737 1373.667 1373.617 1373.564 1373.536 1373.425 1373.39 1373.322 1373.327 1373.259 1373.213 1373.186 1373.13 1373.114 1373.045 1372.95 1372.886 1372.81 1372.725 1372.643 1372.585 1372.532 1372.448 1372.368 1372.317 1372.223 1372.144 1372.101 1372.069 1372.002 1371.89 1371.823 1371.769 1371.734 1371.709 1371.646 1371.527 1371.43 1371.361 1371.245 1371.097 1370.916 1370.735 1370.627 1370.514 1370.328 1370.254 -9999 -9999 -9999 -9999 -9999 -9999 -9999 -9999 -9999 -9999 -9999 -9999 -9999 -9999 -9999
1373.875 1373.815 1373.725 1373.646 1373.579 1373.563 1373.499 1373.406 1373.372 1373.323 1373.292 1373.278 1373.249 1373.211 1373.129 1373.088 1373.042 1372.958 1372.867 1372.799 1372.744 1372.642 1372.57 1372.525 1372.483 1372.418 1372.367 1372.263 1372.178 1372.115 1372.09 1372.042 1371.915 1371.793 1371.757 1371.708 1371.701 1371.64 1371.53 1371.446 1371.309 1371.189 1371.075 1370.947 1370.76 1370.635 1370.468 1370.272 -9999 -9999 -9999 -9999 -9999 -9999 -9999 -9999 -9999 -9999 -9999 -9999 -9999 -9999 -9999 -9999
1373.855 1373.798 1373.719 1373.638 1373.574 1373.547 1373.474 1373.402 1373.361 1373.327 1373.295 1373.286 1373.259 1373.215 1373.141 1373.063 1373.027 1372.964 1372.883 1372.812 1372.775 1372.71 1372.637 1372.565 1372.522 1372.441 1372.385 1372.295 1372.174 1372.105 1372.08 1372.034 1371.916 1371.829 1371.769 1371.67 1371.619 1371.549 1371.526 1371.459 1371.339 1371.167 1371.033 1370.965 1370.796 1370.629 1370.456 1370.253 -9999 -9999 -9999 -9999 -9999 -9999 -9999 -9999 -9999 -9999 -9999 -9999 -9999 -9999 -9999 -9999
1373.82 1373.765 1373.7 1373.634 1373.536 1373.487 1373.433 1373.379 1373.356 1373.35 1373.288 1373.29 1373.272 1373.21 1373.147 1373.083 1373.022 1372.938 1372.887 1372.852 1372.798 1372.749 1372.684 1372.59 1372.541 1372.474 1372.399 1372.276 1372.171 1372.115 1372.063 1372.03 1371.962 1371.883 1371.745 1371.676 1371.593 1371.497 1371.456 1371.397 1371.328 1371.207 1371.108 1370.993 1370.798 1370.67 1370.502 -9999 -9999 -9999 -9999 -9999 -9999 -9999 -9999 -9999 -9999 -9999 -9999 -9999 -9999 -9999 -9999 -9999
1373.754 1373.679 1373.616 1373.564 1373.493 1373.463 1373.407 1373.372 1373.37 1373.351 1373.321 1373.298 1373.285 1373.17 1373.127 1373.066 1372.993 1372.935 1372.884 1372.875 1372.821 1372.744 1372.678 1372.594 1372.525 1372.462 1372.362 1372.245 1372.17 1372.104 1372.014 1371.972 1371.96 1371.861 1371.728 1371.661 1371.554 1371.467 1371.396 1371.339 1371.267 1371.223 1371.129 1370.994 1370.819 1370.667 -9999 -9999 -9999 -9999 -9999 -9999 -9999 -9999 -9999 -9999 -9999 -9999 -9999 -9999 -9999 -9999 -9999 -9999
1373.704 1373.628 1373.587 1373.542 1373.476 1373.457 1373.384 1373.373 1373.347 1373.322 1373.321 1373.271 1373.25 1373.197 1373.136 1373.092 1373.01 1372.954 1372.899 1372.873 1372.823 1372.733 1372.635 1372.6 1372.484 1372.386 1372.292 1372.216 1372.118 1372.075 1372.015 1371.948 1371.911 1371.831 1371.721 1371.58 1371.55 1371.443 1371.34 1371.329 1371.246 1371.202 1371.102 1370.971 1370.829 -9999 -9999 -9999 -9999 -9999 -9999 -9999 -9999 -9999 -9999 -9999 -9999 -9999 -9999 -9999 -9999 -9999 -9999 -9999
1373.662 1373.621 1373.581 1373.531 1373.469 1373.425 1373.389 1373.368 1373.323 1373.328 1373.311 1373.271 1373.212 1373.198 1373.122 1373.069 1373.005 1372.957 1372.912 1372.869 1372.815 1372.733 1372.61 1372.555 1372.463 1372.374 1372.28 1372.199 1372.101 1372.064 1372.011 1371.933 1371.82 1371.743 1371.648 1371.553 1371.502 1371.39 1371.345 1371.264 1371.193 1371.141 1371.074 1370.988 -9999 -9999 -9999 -9999 -9999 -9999 -9999 -9999 -9999 -9999 -9999 -9999 -9999 -9999 -9999 -9999 -9999 -9999 -9999 -9999
1373.639 1373.58 1373.56 1373.536 1373.464 1373.411 1373.386 1373.345 1373.341 1373.329 1373.298 1373.259 1373.197 1373.172 1373.099 1373.063 1372.997 1372.966 1372.923 1372.867 1372.797 1372.703 1372.604 1372.527 1372.435 1372.353 1372.248 1372.158 1372.095 1372.059 1372.011 1371.915 1371.779 1371.688 1371.594 1371.502 1371.449 1371.332 1371.297 1371.196 1371.101 1371.033 1370.998 1370.931 -9999 -9999 -9999 -9999 -9999 -9999 -9999 -9999 -9999 -9999 -9999 -9999 -9999 -9999 -9999 -9999 -9999 -9999 -9999 -9999
1373.555 1373.546 1373.512 1373.462 1373.435 1373.404 1373.383 1373.35 1373.367 1373.317 1373.281 1373.251 1373.17 1373.12 1373.09 1373.05 1373.004 1372.982 1372.904 1372.851 1372.776 1372.695 1372.596 1372.501 1372.422 1372.322 1372.233 1372.13 1372.065 1372.026 1371.968 1371.878 1371.771 1371.663 1371.534 1371.45 1371.352 1371.305 1371.213 1371.126 1371.054 1370.98 1370.939 -9999 -9999 -9999 -9999 -9999 -9999 -9999 -9999 -9999 -9999 -9999 -9999 -9999 -9999 -9999 -9999 -9999 -9999 -9999 -9999 -9999
1373.534 1373.516 1373.475 1373.461 1373.438 1373.39 1373.349 1373.325 1373.314 1373.288 1373.28 1373.228 1373.183 1373.138 1373.091 1373.067 1372.999 1372.948 1372.885 1372.824 1372.75 1372.677 1372.585 1372.476 1372.387 1372.29 1372.199 1372.117 1372.034 1371.977 1371.894 1371.812 1371.733 1371.624 1371.496 1371.432 1371.316 1371.265 1371.155 1371.069 1370.986 1370.911 -9999 -9999 -9999 -9999 -9999 -9999 -9999 -9999 -9999 -9999 -9999 -9999 -9999 -9999 -9999 -9999 -9999 -9999 -9999 -9999 -9999 -9999
1373.512 1373.497 1373.462 1373.446 1373.406 1373.371 1373.35 1373.324 1373.327 1373.295 1373.252 1373.221 1373.202 1373.137 1373.11 1373.066 1372.983 1372.92 1372.861 1372.797 1372.726 1372.661 1372.57 1372.474 1372.354 1372.27 1372.205 1372.12 1372.018 1371.945 1371.855 1371.747 1371.666 1371.57 1371.477 1371.396 1371.265 1371.117 1371.071 1370.989 1370.93 -9999 -9999 -9999 -9999 -9999 -9999 -9999 -9999 -9999 -9999 -9999 -9999 -9999 -9999 -9999 -9999 -9999 -9999 -9999 -9999 -9999 -9999 -9999
1373.483 1373.468 1373.452 1373.398 1373.366 1373.375 1373.358 1373.323 1373.31 1373.279 1373.238 1373.22 1373.172 1373.119 1373.057 1373.036 1372.978 1372.905 1372.847 1372.798 1372.728 1372.633 1372.546 1372.453 1372.352 1372.245 1372.175 1372.091 1372.017 1371.94 1371.848 1371.748 1371.645 1371.574 1371.444 1371.338 1371.178 1371.041 1371.002 1370.935 -9999 -9999 -9999 -9999 -9999 -9999 -9999 -9999 -9999 -9999 -9999 -9999 -9999 -9999 -9999 -9999 -9999 -9999 -9999 -9999 -9999 -9999 -9999 -9999
1373.439 1373.419 1373.395 1373.371 1373.349 1373.332 1373.293 1373.277 1373.27 1373.274 1373.252 1373.22 1373.163 1373.122 1373.049 1373.008 1372.965 1372.906 1372.825 1372.772 1372.726 1372.61 1372.521 1372.434 1372.348 1372.242 1372.153 1372.073 1372.011 1371.933 1371.836 1371.731 1371.632 1371.582 1371.438 1371.295 1371.144 1371.031 1370.982 1370.884 -9999 -9999 -9999 -9999 -9999 -9999 -9999 -9999 -9999 -9999 -9999 -9999 -9999 -9999 -9999 -9999 -9999 -9999 -9999 -9999 -9999 -9999 -9999 -9999
1373.422 1373.396 1373.368 1373.362 1373.311 1373.286 1373.262 1373.248 1373.235 1373.235 1373.228 1373.171 1373.158 1373.099 1373.023 1372.947 1372.931 1372.897 1372.796 1372.73 1372.699 1372.578 1372.47 1372.384 1372.289 1372.233 1372.143 1372.07 1372.007 1371.909 1371.805 1371.697 1371.633 1371.57 1371.423 1371.286 1371.173 1371.053 1370.929 -9999 -9999 -9999 -9999 -9999 -9999 -9999 -9999 -9999 -9999 -9999 -9999 -9999 -9999 -9999 -9999 -9999 -9999 -9999 -9999 -9999 -9999 -9999 -9999 -9999
1373.41 1373.396 1373.362 1373.331 1373.298 1373.283 1373.248 1373.231 1373.222 1373.192 1373.154 1373.117 1373.125 1373.094 1373.013 1372.957 1372.92 1372.882 1372.81 1372.714 1372.667 1372.561 1372.435 1372.359 1372.286 1372.225 1372.174 1372.075 1372.005 1371.897 1371.824 1371.77 1371.7 1371.566 1371.439 1371.345 1371.234 1371.101 -9999 -9999 -9999 -9999 -9999 -9999 -9999 -9999 -9999 -9999 -9999 -9999 -9999 -9999 -9999 -9999 -9999 -9999 -9999 -9999 -9999 -9999 -9999 -9999 -9999 -9999
1373.397 1373.374 1373.33 1373.303 1373.289 1373.258 1373.25 1373.229 1373.225 1373.171 1373.124 1373.094 1373.074 1373.077 1373.003 1372.944 1372.903 1372.873 1372.834 1372.754 1372.667 1372.547 1372.432 1372.353 1372.286 1372.214 1372.136 1372.098 1372.029 1371.924 1371.855 1371.774 1371.682 1371.574 1371.478 1371.349 1371.23 -9999 -9999 -9999 -9999 -9999 -9999 -9999 -9999 -9999 -9999 -9999 -9999 -9999 -9999 -9999 -9999 -9999 -9999 -9999 -9999 -9999 -9999 -9999 -9999 -9999 -9999 -9999
1373.345 1373.313 1373.299 1373.277 1373.262 1373.226 1373.196 1373.181 1373.164 1373.143 1373.115 1373.092 1373.063 1373.013 1372.961 1372.912 1372.876 1372.856 1372.837 1372.777 1372.688 1372.532 1372.427 1372.33 1372.252 1372.214 1372.148 1372.103 1372.017 1371.927 1371.848 1371.76 1371.679 1371.626 1371.505 1371.362 -9999 -9999 -9999 -9999 -9999 -9999 -9999 -9999 -9999 -9999 -9999 -9999 -9999 -9999 -9999 -9999 -9999 -9999 -9999 -9999 -9999 -9999 -9999 -9999 -9999 -9999 -9999 -9999
1373.315 1373.285 1373.265 1373.266 1373.244 1373.225 1373.205 1373.181 1373.149 1373.129 1373.109 1373.09 1373.059 1372.989 1372.933 1372.895 1372.832 1372.821 1372.803 1372.787 1372.729 1372.55 1372.367 1372.29 1372.233 1372.229 1372.148 1372.112 1372.007 1371.914 1371.841 1371.765 1371.735 1371.643 1371.534 1371.391 -9999 -9999 -9999 -9999 -9999 -9999 -9999 -9999 -9999 -9999 -9999 -9999 -9999 -9999 -9999 -9999 -9999 -9999 -9999 -9999 -9999 -9999 -9999 -9999 -9999 -9999 -9999 -9999
1373.27 1373.244 1373.236 1373.252 1373.233 1373.215 1373.219 1373.156 1373.131 1373.114 1373.081 1373.056 1373.023 1372.987 1372.908 1372.83 1372.802 1372.788 1372.777 1372.739 1372.666 1372.474 1372.326 1372.265 1372.225 1372.208 1372.17 1372.134 1372.02 1371.906 1371.829 1371.797 1371.742 1371.604 1371.482 -9999 -9999 -9999 -9999 -9999 -9999 -9999 -9999 -9999 -9999 -9999 -9999 -9999 -9999 -9999 -9999 -9999 -9999 -9999 -9999 -9999 -9999 -9999 -9999 -9999 -9999 -9999 -9999 -9999
1373.248 1373.203 1373.209 1373.217 1373.203 1373.197 1373.193 1373.138 1373.095 1373.09 1373.058 1373.016 1372.996 1372.973 1372.881 1372.791 1372.735 1372.698 1372.673 1372.621 1372.534 1372.39 1372.311 1372.247 1372.203 1372.179 1372.17 1372.096 1371.985 1371.885 1371.805 1371.77 1371.679 1371.539 -9999 -9999 -9999 -9999 -9999 -9999 -9999 -9999 -9999 -9999 -9999 -9999 -9999 -9999 -9999 -9999 -9999 -9999 -9999 -9999 -9999 -9999 -9999 -9999 -9999 -9999 -9999 -9999 -9999 -9999
