QGeoWEPP-demo/Example_Data/LuckyHills/dem.asc
ncols         392
nrows         291
xllcorner     589481.35839652
yllcorner     3512308
cellsize      1
NODATA_value  -9999
[rows 84 to 111 of 291, columns 192 to 255 of 392]
1371.223 1371.265 1371.271 1371.299 1371.292 1371.294 1371.307 1371.324 1371.356 1371.408 1371.432 1371.463 1371.516 1371.519 1371.514 1371.577 1371.581 1371.564 1371.578 1371.561 1371.546 1371.534 1371.618 1371.691 1371.739 1371.727 1371.693 1371.632 1371.606 1371.572 1371.586 1371.597 1371.576 1371.577 1371.601 1371.615 1371.647 1371.674 1371.665 1371.693 1371.714 1371.707 1371.677 1371.657 1371.691 1371.759 1371.804 1371.809 1371.786 1371.787 1371.84 1371.877 1371.871 1371.869 1371.859 1371.885 1372.002 1372.03 1372.069 1372.063 1372.073 1372.071 1372.075 1372.091
1371.19 1371.221 1371.215 1371.229 1371.239 1371.235 1371.261 1371.281 1371.302 1371.336 1371.351 1371.37 1371.415 1371.413 1371.434 1371.466 1371.441 1371.458 1371.456 1371.447 1371.453 1371.461 1371.567 1371.66 1371.662 1371.668 1371.659 1371.627 1371.586 1371.517 1371.485 1371.478 1371.5 1371.532 1371.538 1371.564 1371.583 1371.608 1371.613 1371.635 1371.646 1371.635 1371.611 1371.6 1371.632 1371.693 1371.751 1371.766 1371.76 1371.752 1371.736 1371.735 1371.766 1371.752 1371.774 1371.854 1371.906 1371.916 1371.984 1371.963 1371.949 1371.967 1371.982 1371.994
1371.074 1371.12 1371.107 1371.128 1371.161 1371.157 1371.178 1371.237 1371.231 1371.229 1371.295 1371.27 1371.271 1371.274 1371.327 1371.34 1371.323 1371.359 1371.359 1371.368 1371.377 1371.433 1371.524 1371.598 1371.574 1371.575 1371.589 1371.548 1371.517 1371.478 1371.433 1371.428 1371.461 1371.507 1371.516 1371.519 1371.537 1371.546 1371.568 1371.58 1371.585 1371.56 1371.545 1371.538 1371.574 1371.646 1371.695 1371.703 1371.697 1371.687 1371.661 1371.666 1371.701 1371.703 1371.762 1371.803 1371.844 1371.861 1371.925 1371.894 1371.918 1371.93 1371.936 1371.941
1371.006 1371.028 1371.015 1371.066 1371.078 1371.087 1371.118 1371.178 1371.167 1371.17 1371.23 1371.214 1371.204 1371.223 1371.255 1371.254 1371.227 1371.235 1371.283 1371.284 1371.321 1371.414 1371.475 1371.477 1371.49 1371.52 1371.499 1371.478 1371.456 1371.432 1371.412 1371.362 1371.382 1371.416 1371.479 1371.475 1371.488 1371.503 1371.518 1371.52 1371.53 1371.507 1371.486 1371.486 1371.54 1371.589 1371.626 1371.621 1371.627 1371.608 1371.6 1371.608 1371.634 1371.679 1371.737 1371.737 1371.774 1371.798 1371.82 1371.83 1371.87 1371.877 1371.882 1371.889
1370.95 1370.961 1370.963 1371.003 1371.026 1371.051 1371.057 1371.093 1371.105 1371.121 1371.156 1371.152 1371.162 1371.181 1371.174 1371.167 1371.174 1371.185 1371.224 1371.259 1371.295 1371.359 1371.402 1371.415 1371.462 1371.491 1371.478 1371.454 1371.407 1371.384 1371.336 1371.309 1371.345 1371.378 1371.373 1371.408 1371.416 1371.435 1371.465 1371.491 1371.503 1371.458 1371.417 1371.469 1371.504 1371.532 1371.534 1371.503 1371.503 1371.509 1371.522 1371.56 1371.579 1371.656 1371.693 1371.685 1371.689 1371.726 1371.752 1371.773 1371.794 1371.823 1371.843 1371.84
1370.871 1370.905 1370.927 1370.974 1371.008 1371.024 1371.035 1371.036 1371.069 1371.074 1371.087 1371.111 1371.117 1371.113 1371.101 1371.108 1371.139 1371.153 1371.175 1371.233 1371.291 1371.311 1371.338 1371.361 1371.404 1371.413 1371.403 1371.397 1371.363 1371.323 1371.264 1371.276 1371.296 1371.318 1371.34 1371.367 1371.381 1371.392 1371.436 1371.435 1371.426 1371.38 1371.38 1371.398 1371.424 1371.475 1371.464 1371.45 1371.468 1371.466 1371.491 1371.553 1371.57 1371.581 1371.628 1371.648 1371.631 1371.656 1371.699 1371.708 1371.701 1371.734 1371.723 1371.728
1370.801 1370.856 1370.867 1370.896 1370.886 1370.909 1370.971 1370.979 1371.008 1371.013 1371.025 1371.023 1371.053 1371.04 1371.003 1371.037 1371.059 1371.087 1371.128 1371.178 1371.228 1371.258 1371.287 1371.297 1371.333 1371.326 1371.343 1371.357 1371.33 1371.273 1371.216 1371.229 1371.243 1371.285 1371.308 1371.321 1371.338 1371.348 1371.39 1371.384 1371.357 1371.338 1371.346 1371.334 1371.39 1371.455 1371.454 1371.435 1371.424 1371.424 1371.531 1371.574 1371.544 1371.544 1371.569 1371.574 1371.567 1371.612 1371.648 1371.669 1371.672 1371.667 1371.633 1371.659
1370.748 1370.807 1370.83 1370.828 1370.837 1370.868 1370.92 1370.954 1370.969 1370.956 1370.97 1370.971 1370.979 1370.973 1370.976 1370.994 1371.037 1371.072 1371.122 1371.161 1371.184 1371.192 1371.19 1371.218 1371.253 1371.255 1371.256 1371.245 1371.204 1371.167 1371.163 1371.163 1371.176 1371.211 1371.241 1371.292 1371.289 1371.305 1371.323 1371.336 1371.31 1371.31 1371.319 1371.35 1371.428 1371.46 1371.425 1371.383 1371.362 1371.423 1371.498 1371.517 1371.493 1371.508 1371.531 1371.532 1371.557 1371.575 1371.613 1371.631 1371.623 1371.577 1371.556 1371.617
1370.708 1370.752 1370.775 1370.785 1370.802 1370.827 1370.859 1370.875 1370.905 1370.91 1370.921 1370.922 1370.915 1370.924 1370.943 1370.954 1371.011 1371.038 1371.072 1371.132 1371.149 1371.154 1371.155 1371.191 1371.226 1371.206 1371.191 1371.182 1371.155 1371.163 1371.17 1371.133 1371.15 1371.174 1371.205 1371.238 1371.242 1371.259 1371.281 1371.286 1371.273 1371.307 1371.335 1371.334 1371.366 1371.36 1371.337 1371.326 1371.317 1371.373 1371.406 1371.433 1371.469 1371.512 1371.527 1371.542 1371.54 1371.51 1371.521 1371.544 1371.549 1371.492 1371.507 1371.588
1370.663 1370.73 1370.733 1370.752 1370.771 1370.778 1370.792 1370.812 1370.821 1370.845 1370.879 1370.886 1370.852 1370.88 1370.884 1370.916 1370.995 1371.008 1371.044 1371.081 1371.089 1371.119 1371.147 1371.174 1371.179 1371.168 1371.153 1371.15 1371.114 1371.118 1371.127 1371.078 1371.072 1371.113 1371.183 1371.213 1371.215 1371.234 1371.241 1371.269 1371.264 1371.232 1371.285 1371.323 1371.309 1371.261 1371.22 1371.271 1371.326 1371.356 1371.368 1371.398 1371.408 1371.42 1371.424 1371.472 1371.448 1371.44 1371.459 1371.426 1371.446 1371.431 1371.464 1371.527
1370.634 1370.684 1370.706 1370.707 1370.707 1370.733 1370.746 1370.768 1370.773 1370.785 1370.8 1370.807 1370.809 1370.82 1370.857 1370.939 1370.997 1370.985 1370.971 1371.016 1371.037 1371.105 1371.098 1371.097 1371.107 1371.117 1371.087 1371.107 1371.071 1371.067 1371.052 1371.038 1370.995 1371.063 1371.137 1371.166 1371.183 1371.201 1371.2 1371.243 1371.207 1371.144 1371.192 1371.3 1371.262 1371.222 1371.2 1371.229 1371.293 1371.311 1371.301 1371.329 1371.35 1371.349 1371.338 1371.376 1371.382 1371.366 1371.378 1371.355 1371.335 1371.374 1371.439 1371.481
1370.606 1370.646 1370.656 1370.674 1370.677 1370.683 1370.7 1370.701 1370.704 1370.717 1370.737 1370.748 1370.772 1370.779 1370.842 1370.937 1370.979 1370.958 1370.96 1370.979 1370.99 1370.996 1371.034 1371.044 1371.042 1371.039 1371.016 1371.03 1371.021 1370.977 1370.945 1370.929 1370.955 1371.02 1371.051 1371.116 1371.141 1371.141 1371.169 1371.163 1371.137 1371.074 1371.141 1371.182 1371.186 1371.187 1371.188 1371.19 1371.246 1371.273 1371.293 1371.284 1371.3 1371.302 1371.286 1371.296 1371.296 1371.289 1371.295 1371.292 1371.259 1371.314 1371.383 1371.437
1370.59 1370.636 1370.635 1370.645 1370.659 1370.665 1370.682 1370.669 1370.662 1370.67 1370.69 1370.702 1370.743 1370.78 1370.825 1370.893 1370.929 1370.927 1370.933 1370.96 1370.969 1370.961 1370.998 1371.009 1371.007 1370.994 1370.998 1370.99 1370.978 1370.921 1370.874 1370.881 1370.921 1370.977 1371.024 1371.073 1371.077 1371.103 1371.113 1371.053 1370.974 1371.028 1371.104 1371.104 1371.09 1371.123 1371.153 1371.161 1371.147 1371.205 1371.221 1371.221 1371.23 1371.239 1371.238 1371.245 1371.21 1371.224 1371.224 1371.205 1371.156 1371.23 1371.297 1371.358
1370.571 1370.582 1370.59 1370.585 1370.63 1370.633 1370.639 1370.637 1370.622 1370.638 1370.653 1370.653 1370.705 1370.769 1370.805 1370.83 1370.86 1370.88 1370.897 1370.929 1370.928 1370.942 1370.948 1370.961 1370.957 1370.956 1370.95 1370.951 1370.928 1370.878 1370.853 1370.829 1370.855 1370.95 1371.01 1371.021 1371.042 1371.08 1371.079 1370.988 1370.863 1370.898 1370.926 1370.9 1370.937 1371.062 1371.11 1371.117 1371.111 1371.149 1371.162 1371.167 1371.153 1371.14 1371.139 1371.117 1371.116 1371.12 1371.14 1371.09 1371.104 1371.149 1371.187 1371.245
1370.536 1370.532 1370.563 1370.57 1370.567 1370.562 1370.588 1370.576 1370.552 1370.549 1370.578 1370.64 1370.692 1370.75 1370.777 1370.771 1370.796 1370.802 1370.824 1370.884 1370.92 1370.901 1370.889 1370.909 1370.928 1370.917 1370.915 1370.914 1370.897 1370.843 1370.799 1370.78 1370.817 1370.922 1370.96 1370.967 1370.994 1371.026 1371.023 1370.974 1370.842 1370.771 1370.789 1370.832 1370.965 1371.021 1371.067 1371.098 1371.072 1371.093 1371.103 1371.129 1371.114 1371.08 1371.084 1371.076 1371.049 1371.062 1371.064 1371.035 1371.045 1371.092 1371.163 1371.18
1370.48 1370.52 1370.54 1370.546 1370.554 1370.528 1370.525 1370.525 1370.539 1370.541 1370.593 1370.625 1370.663 1370.706 1370.726 1370.739 1370.775 1370.781 1370.8 1370.851 1370.857 1370.846 1370.842 1370.876 1370.876 1370.863 1370.845 1370.843 1370.84 1370.801 1370.75 1370.689 1370.738 1370.793 1370.861 1370.891 1370.921 1370.97 1370.963 1370.921 1370.82 1370.719 1370.801 1370.909 1370.984 1370.995 1370.994 1371.013 1371.023 1371.037 1371.061 1371.106 1371.085 1371.043 1371.038 1371.045 1371.003 1370.969 1370.993 1370.962 1370.99 1371.048 1371.084 1371.133
1370.448 1370.485 1370.505 1370.494 1370.504 1370.494 1370.499 1370.511 1370.521 1370.553 1370.602 1370.61 1370.627 1370.668 1370.695 1370.723 1370.73 1370.732 1370.751 1370.78 1370.805 1370.799 1370.818 1370.819 1370.823 1370.817 1370.773 1370.814 1370.786 1370.752 1370.701 1370.637 1370.672 1370.706 1370.796 1370.873 1370.893 1370.91 1370.876 1370.766 1370.64 1370.714 1370.846 1370.928 1370.938 1370.916 1370.906 1370.934 1370.981 1370.983 1371.014 1371.019 1370.99 1370.981 1371.037 1370.999 1370.943 1370.929 1370.923 1370.895 1370.932 1370.972 1371.013 1371.109
1370.413 1370.413 1370.432 1370.45 1370.443 1370.469 1370.46 1370.455 1370.467 1370.556 1370.587 1370.586 1370.592 1370.647 1370.684 1370.714 1370.706 1370.704 1370.745 1370.76 1370.73 1370.739 1370.748 1370.768 1370.77 1370.761 1370.753 1370.778 1370.723 1370.654 1370.619 1370.556 1370.599 1370.69 1370.755 1370.84 1370.865 1370.878 1370.814 1370.695 1370.589 1370.729 1370.869 1370.967 1370.914 1370.858 1370.861 1370.86 1370.9 1370.9 1370.93 1370.939 1370.952 1370.941 1370.918 1370.909 1370.917 1370.903 1370.87 1370.831 1370.843 1370.871 1370.924 1370.948
1370.384 1370.39 1370.399 1370.398 1370.398 1370.396 1370.403 1370.426 1370.467 1370.548 1370.566 1370.581 1370.584 1370.599 1370.63 1370.673 1370.676 1370.662 1370.686 1370.665 1370.681 1370.696 1370.681 1370.723 1370.756 1370.727 1370.725 1370.722 1370.686 1370.616 1370.556 1370.497 1370.569 1370.66 1370.729 1370.802 1370.822 1370.823 1370.72 1370.624 1370.612 1370.757 1370.861 1370.907 1370.841 1370.796 1370.802 1370.827 1370.843 1370.853 1370.873 1370.887 1370.915 1370.878 1370.869 1370.86 1370.854 1370.835 1370.819 1370.824 1370.833 1370.842 1370.87 1370.885
1370.325 1370.361 1370.332 1370.337 1370.355 1370.353 1370.409 1370.41 1370.43 1370.513 1370.528 1370.552 1370.56 1370.557 1370.563 1370.598 1370.62 1370.624 1370.656 1370.647 1370.66 1370.663 1370.652 1370.647 1370.659 1370.656 1370.637 1370.625 1370.586 1370.561 1370.475 1370.398 1370.467 1370.596 1370.683 1370.759 1370.781 1370.708 1370.603 1370.462 1370.544 1370.723 1370.82 1370.824 1370.77 1370.73 1370.746 1370.747 1370.737 1370.79 1370.823 1370.853 1370.871 1370.858 1370.847 1370.832 1370.806 1370.784 1370.771 1370.779 1370.78 1370.776 1370.826 1370.847
1370.267 1370.282 1370.284 1370.293 1370.301 1370.308 1370.348 1370.377 1370.432 1370.459 1370.484 1370.507 1370.533 1370.543 1370.525 1370.55 1370.58 1370.579 1370.599 1370.622 1370.649 1370.614 1370.634 1370.646 1370.63 1370.609 1370.593 1370.582 1370.553 1370.504 1370.424 1370.362 1370.4 1370.554 1370.609 1370.675 1370.727 1370.668 1370.455 1370.371 1370.54 1370.668 1370.728 1370.72 1370.702 1370.734 1370.698 1370.676 1370.71 1370.744 1370.765 1370.82 1370.8 1370.772 1370.749 1370.789 1370.77 1370.735 1370.716 1370.731 1370.694 1370.675 1370.749 1370.772
1370.193 1370.203 1370.221 1370.25 1370.27 1370.3 1370.312 1370.354 1370.403 1370.442 1370.438 1370.457 1370.484 1370.52 1370.501 1370.498 1370.542 1370.557 1370.574 1370.606 1370.607 1370.552 1370.596 1370.626 1370.608 1370.573 1370.537 1370.527 1370.481 1370.451 1370.366 1370.303 1370.358 1370.516 1370.581 1370.628 1370.666 1370.589 1370.392 1370.382 1370.524 1370.621 1370.644 1370.652 1370.61 1370.644 1370.648 1370.631 1370.664 1370.696 1370.744 1370.769 1370.747 1370.715 1370.687 1370.675 1370.675 1370.671 1370.618 1370.643 1370.641 1370.655 1370.651 1370.659
1370.14 1370.166 1370.201 1370.243 1370.253 1370.298 1370.321 1370.34 1370.322 1370.33 1370.359 1370.396 1370.412 1370.442 1370.466 1370.485 1370.498 1370.523 1370.523 1370.513 1370.522 1370.503 1370.543 1370.585 1370.57 1370.519 1370.456 1370.424 1370.392 1370.389 1370.288 1370.236 1370.371 1370.482 1370.562 1370.59 1370.609 1370.494 1370.338 1370.38 1370.48 1370.561 1370.586 1370.567 1370.536 1370.53 1370.585 1370.584 1370.589 1370.664 1370.711 1370.697 1370.681 1370.67 1370.639 1370.625 1370.622 1370.605 1370.587 1370.588 1370.59 1370.566 1370.563 1370.585
1370.113 1370.119 1370.159 1370.214 1370.245 1370.256 1370.297 1370.319 1370.333 1370.307 1370.336 1370.37 1370.398 1370.422 1370.446 1370.477 1370.47 1370.466 1370.462 1370.503 1370.494 1370.484 1370.493 1370.491 1370.454 1370.395 1370.341 1370.292 1370.268 1370.203 1370.164 1370.218 1370.369 1370.508 1370.517 1370.507 1370.467 1370.349 1370.223 1370.339 1370.467 1370.541 1370.545 1370.503 1370.473 1370.508 1370.543 1370.546 1370.545 1370.601 1370.628 1370.623 1370.627 1370.633 1370.604 1370.583 1370.575 1370.527 1370.516 1370.528 1370.523 1370.526 1370.535 1370.532
1370.073 1370.065 1370.129 1370.194 1370.206 1370.213 1370.23 1370.303 1370.358 1370.332 1370.335 1370.354 1370.36 1370.389 1370.394 1370.405 1370.436 1370.452 1370.454 1370.479 1370.467 1370.469 1370.46 1370.427 1370.382 1370.323 1370.25 1370.219 1370.203 1370.16 1370.106 1370.265 1370.426 1370.526 1370.504 1370.453 1370.336 1370.216 1370.176 1370.314 1370.477 1370.495 1370.464 1370.432 1370.397 1370.412 1370.448 1370.489 1370.526 1370.534 1370.533 1370.553 1370.535 1370.523 1370.502 1370.488 1370.495 1370.448 1370.41 1370.435 1370.454 1370.494 1370.514 1370.537
1369.999 1370.019 1370.109 1370.159 1370.161 1370.17 1370.172 1370.271 1370.31 1370.317 1370.304 1370.289 1370.3 1370.339 1370.344 1370.343 1370.401 1370.403 1370.423 1370.442 1370.438 1370.432 1370.415 1370.375 1370.339 1370.26 1370.16 1370.145 1370.124 1370.102 1370.068 1370.234 1370.389 1370.476 1370.453 1370.373 1370.201 1370.1 1370.146 1370.314 1370.43 1370.439 1370.427 1370.389 1370.345 1370.354 1370.394 1370.423 1370.44 1370.457 1370.45 1370.453 1370.452 1370.461 1370.43 1370.416 1370.367 1370.337 1370.348 1370.434 1370.464 1370.489 1370.523 1370.55
1369.922 1370.014 1370.137 1370.138 1370.143 1370.146 1370.153 1370.215 1370.245 1370.232 1370.208 1370.22 1370.253 1370.274 1370.271 1370.262 1370.283 1370.317 1370.341 1370.347 1370.372 1370.339 1370.31 1370.275 1370.281 1370.15 1370.078 1370.065 1370.026 1370.028 1370.054 1370.212 1370.32 1370.381 1370.369 1370.27 1370.083 1370.068 1370.175 1370.315 1370.388 1370.379 1370.368 1370.309 1370.293 1370.31 1370.325 1370.346 1370.362 1370.368 1370.368 1370.366 1370.398 1370.387 1370.36 1370.337 1370.288 1370.302 1370.335 1370.475 1370.465 1370.523 1370.567 1370.549
1369.87 1370.013 1370.132 1370.112 1370.112 1370.11 1370.13 1370.161 1370.194 1370.172 1370.146 1370.214 1370.246 1370.228 1370.268 1370.264 1370.239 1370.247 1370.28 1370.263 1370.287 1370.273 1370.235 1370.209 1370.178 1370.056 1369.978 1369.949 1369.936 1370.018 1370.068 1370.139 1370.214 1370.267 1370.252 1370.126 1369.971 1370.044 1370.174 1370.287 1370.309 1370.295 1370.266 1370.268 1370.239 1370.264 1370.263 1370.306 1370.339 1370.317 1370.324 1370.323 1370.321 1370.308 1370.313 1370.286 1370.263 1370.295 1370.325 1370.427 1370.47 1370.54 1370.585 1370.547
