QGeoWEPP-demo/Example_Data/LuckyHills/dem.asc
ncols         392
nrows         291
xllcorner     589481.35839652
yllcorner     3512308
cellsize      1
NODATA_value  -9999
[rows 112 to 139 of 291, columns 64 to 127 of 392]
1368.969 1369.013 1369.027 1369.038 1369.042 1369.054 1369.065 1369.092 1369.14 1369.13 1369.122 1369.153 1369.135 1369.131 1369.149 1369.174 1369.215 1369.22 1369.21 1369.205 1369.211 1369.231 1369.246 1369.239 1369.252 1369.271 1369.283 1369.31 1369.327 1369.345 1369.367 1369.378 1369.367 1369.359 1369.328 1369.311 1369.304 1369.276 1369.282 1369.265 1369.265 1369.267 1369.256 1369.253 1369.233 1369.241 1369.232 1369.204 1369.205 1369.214 1369.222 1369.22 1369.225 1369.215 1369.229 1369.224 1369.244 1369.24 1369.219 1369.206 1369.2 1369.208 1369.234 1369.246
1368.966 1369.003 1369.023 1369.057 1369.04 1369.055 1369.065 1369.11 1369.126 1369.121 1369.136 1369.15 1369.143 1369.15 1369.18 1369.18 1369.198 1369.206 1369.21 1369.21 1369.214 1369.24 1369.252 1369.254 1369.27 1369.31 1369.319 1369.335 1369.344 1369.364 1369.367 1369.402 1369.386 1369.361 1369.338 1369.3 1369.278 1369.248 1369.245 1369.236 1369.229 1369.208 1369.193 1369.198 1369.183 1369.191 1369.184 1369.173 1369.188 1369.191 1369.173 1369.213 1369.212 1369.191 1369.181 1369.163 1369.172 1369.177 1369.16 1369.155 1369.17 1369.181 1369.167 1369.185
1368.979 1369 1369.018 1369.056 1369.077 1369.095 1369.096 1369.114 1369.162 1369.151 1369.139 1369.15 1369.149 1369.15 1369.163 1369.18 1369.19 1369.199 1369.21 1369.22 1369.23 1369.229 1369.256 1369.281 1369.278 1369.331 1369.335 1369.351 1369.357 1369.379 1369.363 1369.389 1369.373 1369.335 1369.294 1369.279 1369.26 1369.24 1369.219 1369.215 1369.198 1369.162 1369.143 1369.154 1369.152 1369.182 1369.153 1369.134 1369.148 1369.145 1369.131 1369.158 1369.166 1369.135 1369.142 1369.147 1369.164 1369.18 1369.141 1369.134 1369.138 1369.148 1369.126 1369.134
1368.984 1369.012 1369.04 1369.083 1369.097 1369.103 1369.098 1369.12 1369.164 1369.16 1369.141 1369.131 1369.143 1369.15 1369.151 1369.168 1369.186 1369.206 1369.224 1369.22 1369.231 1369.258 1369.279 1369.277 1369.306 1369.342 1369.359 1369.365 1369.35 1369.365 1369.333 1369.314 1369.303 1369.287 1369.253 1369.228 1369.216 1369.198 1369.212 1369.19 1369.178 1369.134 1369.141 1369.149 1369.137 1369.17 1369.154 1369.117 1369.107 1369.098 1369.108 1369.116 1369.113 1369.104 1369.102 1369.106 1369.11 1369.144 1369.115 1369.102 1369.1 1369.111 1369.123 1369.133
1368.977 1369.035 1369.081 1369.114 1369.112 1369.084 1369.087 1369.103 1369.127 1369.139 1369.139 1369.142 1369.154 1369.163 1369.185 1369.188 1369.207 1369.234 1369.229 1369.234 1369.25 1369.265 1369.269 1369.261 1369.297 1369.336 1369.364 1369.355 1369.354 1369.361 1369.302 1369.29 1369.27 1369.247 1369.241 1369.216 1369.184 1369.166 1369.158 1369.109 1369.123 1369.158 1369.152 1369.132 1369.073 1369.092 1369.111 1369.067 1369.077 1369.053 1369.046 1369.068 1369.09 1369.091 1369.055 1369.05 1369.043 1369.074 1369.07 1369.06 1369.059 1369.066 1369.102 1369.117
1368.986 1369.044 1369.081 1369.081 1369.067 1369.05 1369.07 1369.07 1369.09 1369.125 1369.136 1369.152 1369.162 1369.182 1369.21 1369.215 1369.227 1369.229 1369.239 1369.242 1369.258 1369.248 1369.246 1369.26 1369.26 1369.302 1369.343 1369.32 1369.318 1369.319 1369.286 1369.27 1369.247 1369.238 1369.227 1369.207 1369.186 1369.138 1369.102 1369.071 1369.079 1369.112 1369.124 1369.063 1369.044 1369.056 1369.072 1369.033 1369.018 1369.007 1369.009 1369.024 1369.04 1369.047 1369.016 1369.016 1369.009 1368.997 1368.997 1368.982 1368.995 1368.994 1368.99 1369.061
1368.994 1369.04 1369.054 1369.058 1369.05 1369.063 1369.068 1369.077 1369.1 1369.129 1369.144 1369.164 1369.203 1369.213 1369.227 1369.21 1369.212 1369.194 1369.21 1369.231 1369.221 1369.22 1369.239 1369.249 1369.248 1369.262 1369.286 1369.277 1369.279 1369.266 1369.253 1369.241 1369.213 1369.206 1369.194 1369.17 1369.167 1369.128 1369.064 1369.052 1369.048 1369.06 1369.08 1369.041 1369.03 1369.016 1369.033 1369.018 1368.995 1368.975 1368.977 1368.984 1368.981 1368.974 1368.965 1368.994 1368.971 1368.957 1368.944 1368.941 1368.934 1368.928 1368.933 1369.008
1368.967 1369.048 1369.088 1369.07 1369.068 1369.078 1369.097 1369.106 1369.12 1369.168 1369.174 1369.192 1369.224 1369.227 1369.214 1369.213 1369.202 1369.175 1369.194 1369.216 1369.193 1369.185 1369.185 1369.203 1369.205 1369.213 1369.242 1369.235 1369.254 1369.246 1369.206 1369.189 1369.173 1369.153 1369.132 1369.1 1369.091 1369.074 1369.036 1369.05 1369.041 1369.03 1369.026 1369.037 1369.017 1369.016 1368.984 1368.976 1368.975 1368.946 1368.946 1368.934 1368.929 1368.945 1368.934 1368.926 1368.9 1368.936 1368.932 1368.912 1368.884 1368.865 1368.899 1368.958
1368.947 1369.049 1369.114 1369.072 1369.083 1369.106 1369.116 1369.124 1369.148 1369.192 1369.201 1369.196 1369.213 1369.214 1369.193 1369.185 1369.164 1369.156 1369.163 1369.196 1369.185 1369.171 1369.16 1369.17 1369.161 1369.185 1369.207 1369.201 1369.195 1369.193 1369.17 1369.157 1369.121 1369.097 1369.078 1369.062 1369.066 1369.034 1369.019 1369.022 1369 1368.979 1368.957 1368.982 1368.965 1368.956 1368.913 1368.898 1368.908 1368.9 1368.888 1368.886 1368.875 1368.895 1368.892 1368.86 1368.859 1368.894 1368.911 1368.87 1368.831 1368.805 1368.847 1368.856
1368.98 1369.053 1369.083 1369.087 1369.092 1369.113 1369.123 1369.14 1369.163 1369.209 1369.229 1369.211 1369.2 1369.201 1369.178 1369.15 1369.128 1369.118 1369.145 1369.145 1369.154 1369.138 1369.138 1369.145 1369.155 1369.137 1369.135 1369.141 1369.148 1369.143 1369.12 1369.101 1369.086 1369.071 1369.029 1369.019 1369.018 1368.999 1368.999 1368.986 1368.932 1368.94 1368.931 1368.914 1368.913 1368.892 1368.884 1368.873 1368.868 1368.847 1368.835 1368.815 1368.83 1368.837 1368.834 1368.81 1368.823 1368.82 1368.813 1368.783 1368.727 1368.738 1368.752 1368.787
1368.998 1369.045 1369.074 1369.089 1369.109 1369.117 1369.111 1369.117 1369.165 1369.193 1369.195 1369.199 1369.179 1369.161 1369.111 1369.089 1369.056 1369.019 1369.073 1369.09 1369.11 1369.11 1369.091 1369.091 1369.138 1369.097 1369.09 1369.108 1369.105 1369.099 1369.083 1369.059 1369.055 1369.048 1368.998 1368.986 1368.983 1368.989 1368.965 1368.961 1368.931 1368.919 1368.886 1368.868 1368.873 1368.863 1368.847 1368.849 1368.837 1368.811 1368.779 1368.789 1368.813 1368.783 1368.779 1368.771 1368.762 1368.769 1368.741 1368.711 1368.648 1368.649 1368.69 1368.756
1369.006 1369.027 1369.062 1369.095 1369.105 1369.111 1369.111 1369.123 1369.156 1369.157 1369.158 1369.154 1369.141 1369.114 1369.075 1369.044 1369.007 1368.99 1369.023 1369.038 1369.048 1369.044 1369.058 1369.068 1369.076 1369.033 1369.042 1369.048 1369.047 1369.039 1369.025 1369.007 1369.009 1368.984 1368.953 1368.913 1368.934 1368.945 1368.934 1368.889 1368.89 1368.887 1368.853 1368.849 1368.838 1368.827 1368.816 1368.806 1368.776 1368.775 1368.765 1368.756 1368.731 1368.739 1368.726 1368.719 1368.703 1368.691 1368.673 1368.65 1368.561 1368.547 1368.621 1368.738
1368.992 1369.023 1369.064 1369.099 1369.088 1369.114 1369.117 1369.126 1369.154 1369.151 1369.147 1369.129 1369.115 1369.066 1369.025 1369.007 1368.947 1368.948 1368.975 1368.981 1368.986 1368.982 1369.005 1369.02 1369.035 1369.018 1369.005 1369.017 1369.005 1368.973 1368.976 1368.971 1368.961 1368.945 1368.924 1368.904 1368.917 1368.914 1368.892 1368.873 1368.85 1368.848 1368.828 1368.807 1368.786 1368.774 1368.763 1368.763 1368.767 1368.727 1368.67 1368.694 1368.661 1368.637 1368.652 1368.637 1368.631 1368.645 1368.648 1368.604 1368.491 1368.464 1368.596 1368.659
1369.027 1369.049 1369.061 1369.101 1369.111 1369.11 1369.103 1369.116 1369.143 1369.156 1369.124 1369.102 1369.081 1369.03 1368.977 1368.953 1368.916 1368.895 1368.924 1368.933 1368.944 1368.958 1368.953 1368.96 1368.973 1368.988 1368.96 1368.963 1368.95 1368.932 1368.938 1368.932 1368.912 1368.893 1368.917 1368.898 1368.884 1368.886 1368.868 1368.844 1368.828 1368.821 1368.789 1368.786 1368.755 1368.744 1368.713 1368.705 1368.699 1368.685 1368.637 1368.65 1368.637 1368.591 1368.571 1368.555 1368.52 1368.519 1368.525 1368.441 1368.345 1368.427 1368.518 1368.578
1369.003 1369.024 1369.044 1369.075 1369.103 1369.117 1369.117 1369.115 1369.106 1369.11 1369.079 1369.034 1369.001 1368.966 1368.899 1368.891 1368.875 1368.853 1368.862 1368.863 1368.864 1368.89 1368.882 1368.851 1368.92 1368.918 1368.897 1368.899 1368.924 1368.895 1368.874 1368.874 1368.881 1368.873 1368.881 1368.872 1368.852 1368.847 1368.833 1368.813 1368.795 1368.773 1368.746 1368.75 1368.745 1368.716 1368.671 1368.635 1368.625 1368.606 1368.572 1368.569 1368.559 1368.536 1368.477 1368.48 1368.453 1368.42 1368.43 1368.335 1368.277 1368.386 1368.48 1368.554
1368.989 1368.996 1369.017 1369.053 1369.097 1369.123 1369.117 1369.095 1369.083 1369.06 1369.039 1369.031 1368.972 1368.912 1368.854 1368.854 1368.852 1368.84 1368.843 1368.838 1368.825 1368.845 1368.839 1368.825 1368.82 1368.817 1368.812 1368.837 1368.86 1368.878 1368.832 1368.841 1368.817 1368.819 1368.833 1368.823 1368.826 1368.802 1368.781 1368.774 1368.747 1368.715 1368.7 1368.698 1368.696 1368.678 1368.618 1368.549 1368.554 1368.538 1368.527 1368.505 1368.466 1368.455 1368.417 1368.402 1368.371 1368.325 1368.353 1368.282 1368.252 1368.373 1368.44 1368.495
1368.989 1368.969 1369.008 1369.061 1369.09 1369.125 1369.073 1369.054 1369.055 1369.025 1368.992 1368.982 1368.928 1368.867 1368.833 1368.826 1368.821 1368.811 1368.811 1368.807 1368.793 1368.804 1368.788 1368.795 1368.746 1368.75 1368.755 1368.775 1368.798 1368.807 1368.785 1368.785 1368.774 1368.774 1368.791 1368.802 1368.793 1368.769 1368.756 1368.723 1368.701 1368.677 1368.665 1368.638 1368.601 1368.597 1368.549 1368.515 1368.501 1368.468 1368.458 1368.433 1368.413 1368.361 1368.266 1368.268 1368.219 1368.159 1368.268 1368.243 1368.191 1368.285 1368.386 1368.44
1368.973 1368.96 1368.981 1369.006 1369.042 1369.033 1369.004 1369.028 1369.007 1368.984 1368.943 1368.907 1368.883 1368.848 1368.827 1368.796 1368.772 1368.77 1368.749 1368.756 1368.757 1368.733 1368.733 1368.732 1368.689 1368.695 1368.709 1368.707 1368.725 1368.732 1368.737 1368.746 1368.724 1368.728 1368.76 1368.774 1368.751 1368.719 1368.681 1368.657 1368.66 1368.653 1368.645 1368.6 1368.539 1368.542 1368.496 1368.474 1368.419 1368.405 1368.384 1368.349 1368.321 1368.25 1368.146 1368.127 1368.082 1368.054 1368.125 1368.112 1368.081 1368.185 1368.323 1368.374
1368.962 1368.944 1368.97 1368.987 1368.99 1368.977 1368.968 1368.978 1368.986 1368.967 1368.934 1368.879 1368.83 1368.8 1368.783 1368.77 1368.746 1368.701 1368.691 1368.665 1368.673 1368.666 1368.656 1368.633 1368.621 1368.639 1368.639 1368.639 1368.659 1368.678 1368.68 1368.698 1368.689 1368.689 1368.71 1368.734 1368.707 1368.68 1368.628 1368.615 1368.625 1368.642 1368.609 1368.562 1368.513 1368.488 1368.456 1368.428 1368.387 1368.359 1368.338 1368.266 1368.201 1368.14 1368.036 1367.991 1367.968 1367.958 1368.009 1368.026 1368.042 1368.149 1368.304 1368.35
1368.941 1368.942 1368.948 1368.948 1368.941 1368.935 1368.916 1368.897 1368.882 1368.918 1368.905 1368.815 1368.794 1368.751 1368.721 1368.714 1368.709 1368.681 1368.647 1368.631 1368.627 1368.629 1368.609 1368.597 1368.562 1368.574 1368.592 1368.584 1368.597 1368.624 1368.635 1368.633 1368.651 1368.669 1368.649 1368.637 1368.614 1368.581 1368.548 1368.527 1368.54 1368.538 1368.544 1368.539 1368.475 1368.438 1368.411 1368.37 1368.335 1368.29 1368.256 1368.161 1368.131 1368.069 1367.942 1367.892 1367.886 1367.865 1367.915 1367.936 1367.982 1368.115 1368.256 1368.295
1368.901 1368.896 1368.905 1368.894 1368.891 1368.867 1368.852 1368.829 1368.814 1368.853 1368.813 1368.758 1368.709 1368.679 1368.662 1368.645 1368.654 1368.665 1368.612 1368.6 1368.593 1368.587 1368.554 1368.534 1368.498 1368.509 1368.55 1368.529 1368.561 1368.59 1368.598 1368.602 1368.637 1368.644 1368.585 1368.571 1368.548 1368.518 1368.503 1368.487 1368.493 1368.487 1368.455 1368.458 1368.388 1368.366 1368.342 1368.318 1368.25 1368.168 1368.117 1368.03 1368 1367.94 1367.815 1367.692 1367.66 1367.709 1367.792 1367.908 1367.972 1368.108 1368.209 1368.216
1368.823 1368.802 1368.792 1368.779 1368.786 1368.772 1368.754 1368.74 1368.72 1368.698 1368.699 1368.693 1368.652 1368.618 1368.608 1368.602 1368.6 1368.592 1368.579 1368.571 1368.537 1368.534 1368.529 1368.508 1368.454 1368.457 1368.465 1368.48 1368.519 1368.52 1368.547 1368.55 1368.583 1368.554 1368.514 1368.516 1368.501 1368.474 1368.466 1368.453 1368.473 1368.439 1368.4 1368.372 1368.337 1368.308 1368.278 1368.25 1368.195 1368.137 1368.072 1368.023 1367.877 1367.818 1367.721 1367.63 1367.598 1367.675 1367.763 1367.853 1367.932 1368.016 1368.104 1368.153
1368.783 1368.738 1368.715 1368.714 1368.693 1368.682 1368.67 1368.67 1368.656 1368.625 1368.587 1368.614 1368.602 1368.57 1368.56 1368.536 1368.525 1368.512 1368.506 1368.512 1368.47 1368.454 1368.462 1368.419 1368.327 1368.36 1368.389 1368.429 1368.448 1368.457 1368.467 1368.472 1368.465 1368.48 1368.462 1368.455 1368.452 1368.441 1368.426 1368.427 1368.458 1368.39 1368.329 1368.325 1368.301 1368.264 1368.247 1368.205 1368.155 1368.107 1368.02 1368.003 1367.85 1367.757 1367.682 1367.585 1367.557 1367.62 1367.709 1367.801 1367.862 1367.917 1368.008 1368.083
1368.691 1368.657 1368.655 1368.633 1368.624 1368.617 1368.616 1368.597 1368.6 1368.579 1368.532 1368.519 1368.554 1368.555 1368.5 1368.478 1368.472 1368.474 1368.445 1368.429 1368.401 1368.383 1368.378 1368.328 1368.293 1368.307 1368.32 1368.337 1368.354 1368.366 1368.369 1368.368 1368.366 1368.372 1368.397 1368.423 1368.393 1368.356 1368.341 1368.382 1368.377 1368.305 1368.284 1368.273 1368.255 1368.214 1368.181 1368.15 1368.119 1368.084 1367.978 1367.926 1367.849 1367.774 1367.659 1367.562 1367.525 1367.567 1367.645 1367.721 1367.777 1367.841 1367.926 1367.997
1368.588 1368.582 1368.586 1368.582 1368.564 1368.573 1368.569 1368.529 1368.522 1368.517 1368.478 1368.488 1368.507 1368.497 1368.449 1368.414 1368.408 1368.392 1368.363 1368.355 1368.34 1368.328 1368.302 1368.279 1368.261 1368.275 1368.289 1368.29 1368.294 1368.304 1368.308 1368.32 1368.338 1368.335 1368.341 1368.332 1368.33 1368.304 1368.297 1368.302 1368.315 1368.269 1368.229 1368.202 1368.176 1368.165 1368.119 1368.096 1368.06 1367.99 1367.926 1367.857 1367.804 1367.712 1367.597 1367.463 1367.375 1367.468 1367.548 1367.641 1367.717 1367.771 1367.838 1367.919
1368.527 1368.505 1368.5 1368.479 1368.476 1368.448 1368.436 1368.396 1368.413 1368.41 1368.391 1368.447 1368.464 1368.429 1368.387 1368.348 1368.359 1368.346 1368.32 1368.294 1368.301 1368.288 1368.288 1368.271 1368.244 1368.227 1368.281 1368.264 1368.242 1368.242 1368.265 1368.299 1368.303 1368.3 1368.297 1368.276 1368.264 1368.255 1368.242 1368.21 1368.233 1368.215 1368.178 1368.17 1368.172 1368.153 1368.084 1368.023 1367.979 1367.951 1367.858 1367.766 1367.737 1367.638 1367.535 1367.431 1367.324 1367.418 1367.484 1367.568 1367.634 1367.679 1367.781 1367.891
1368.444 1368.43 1368.431 1368.411 1368.404 1368.39 1368.399 1368.374 1368.325 1368.338 1368.303 1368.323 1368.328 1368.291 1368.256 1368.247 1368.248 1368.227 1368.212 1368.206 1368.233 1368.226 1368.209 1368.197 1368.182 1368.163 1368.162 1368.16 1368.2 1368.199 1368.209 1368.239 1368.262 1368.252 1368.242 1368.228 1368.217 1368.221 1368.203 1368.158 1368.161 1368.148 1368.127 1368.133 1368.118 1368.116 1368.045 1368.003 1367.957 1367.9 1367.768 1367.72 1367.68 1367.594 1367.477 1367.354 1367.26 1367.337 1367.415 1367.473 1367.569 1367.638 1367.753 1367.853
1368.369 1368.351 1368.365 1368.349 1368.329 1368.319 1368.303 1368.265 1368.252 1368.259 1368.236 1368.235 1368.241 1368.221 1368.185 1368.172 1368.169 1368.157 1368.136 1368.166 1368.175 1368.178 1368.16 1368.133 1368.13 1368.101 1368.105 1368.114 1368.139 1368.155 1368.154 1368.154 1368.164 1368.144 1368.139 1368.139 1368.151 1368.139 1368.132 1368.122 1368.098 1368.087 1368.085 1368.074 1368.073 1368.045 1368.002 1367.974 1367.938 1367.84 1367.721 1367.632 1367.56 1367.532 1367.42 1367.297 1367.165 1367.236 1367.34 1367.451 1367.524 1367.594 1367.726 1367.828
