QGeoWEPP-demo/Example_Data/BAER/dem.asc
ncols         361
nrows         464
xllcorner     467536.240419
yllcorner     4330678.455023
cellsize      30
NODATA_value  -9999
[rows 420 to 447 of 464, columns 189 to 251 of 361]
2340.827 2340.028 2352.162 2349.844 2344.168 2342.145 2347.243 2357.45 2365.767 2365.346 2362.545 2361.414 2360.908 2359.478 2356.071 2350.444 2346.367 2340.44 2339.173 2343.559 2351.2 2353.195 2347.951 2338.88 2325.746 2315.218 2310.006 2305.509 2303.823 2309.167 2321.881 2328.596 2336.434 2345.831 2355.471 2360.911 2362.646 2365.534 2366.808 2361.116 2355.573 2357.5 2364.395 2367.637 2365.244 2359.828 2353.857 2349.677 2345.869 2342.571 2340.623 2338.987 2338.196 2333.416 2329.439 2330.974 2335.132 2340.757 2346.293 2352.955 2360.039 2367.315 2373.867
2350.288 2346.962 2356.391 2358.672 2355.355 2351.393 2350.995 2356.581 2367.282 2372.417 2373.279 2374.836 2374.903 2372.196 2367.21 2361.455 2354.488 2346.289 2344.751 2348.102 2353.448 2350.928 2344.363 2334.518 2324.498 2319.985 2321.381 2315.369 2310.645 2315.297 2327.808 2335.315 2342.477 2351.394 2364.715 2373.435 2376.593 2379.321 2379.088 2371.881 2365.079 2368.88 2377.289 2379.486 2374.762 2366.51 2359.688 2354.229 2350.716 2348.029 2345.344 2344.745 2343.014 2336.49 2329.851 2328.425 2331.618 2339.989 2345.892 2352.588 2360.721 2367.16 2368.494
2359.128 2354.176 2361.081 2366.856 2365.959 2361.609 2356.664 2357.185 2368.112 2378.971 2383.506 2385.885 2386.899 2385.687 2379.384 2371.776 2362.918 2354.75 2353.689 2354.833 2355.431 2350.035 2340.816 2330.653 2329.042 2332.541 2335.89 2326.794 2316.946 2320.13 2333.553 2343.423 2352.604 2362.838 2375.559 2385.455 2392.938 2395.755 2390.335 2381.62 2376.587 2383.494 2394.679 2394.533 2385.449 2375.845 2367.238 2360.575 2356.072 2352.456 2350.826 2350.323 2344.011 2338.243 2334.856 2331.239 2330.688 2336.227 2341.763 2349.615 2359.586 2365.935 2363.186
2368.126 2362.952 2367.65 2376.697 2376.788 2372.078 2364.998 2361.58 2368.268 2382.315 2391.346 2396.11 2397.69 2395.339 2390.07 2382.048 2372.281 2365.724 2364.784 2362.75 2357.608 2348.963 2338.923 2334.271 2338.787 2344.103 2344.221 2333.523 2322.223 2323.495 2337.399 2350.959 2362.139 2372.71 2382.798 2394.711 2407.633 2409.515 2398.797 2389.603 2388.969 2399.706 2412.429 2409.13 2394.642 2383.746 2376.809 2369.494 2361.756 2355.164 2356.659 2353.453 2345.807 2343.358 2342.956 2338.62 2334.119 2333.402 2337.79 2344.704 2353.782 2358.799 2357.181
2377.222 2374.444 2377.552 2386.578 2387.234 2383.037 2375.219 2368.989 2370.699 2382.874 2394.265 2402.603 2405.558 2402.528 2398.135 2391.391 2383.346 2377.984 2375.153 2369.356 2359.645 2348.439 2340.614 2345.411 2350.937 2352.613 2346.577 2336.8 2327.414 2325.894 2336.006 2349.779 2360.504 2371.709 2385.36 2401.518 2414.15 2414.072 2403.433 2398.15 2401.953 2413.315 2423.457 2416.506 2401.923 2390.212 2384.955 2378.317 2368.692 2361.5 2363.078 2355.192 2352.837 2353.55 2352.013 2347.018 2340.621 2336.024 2336.738 2340.75 2346.227 2350.737 2352.843
2385.315 2386.675 2387.145 2394.212 2397.001 2392.967 2384.837 2377.064 2376.384 2386.296 2396.803 2405.772 2411.131 2410.744 2405.911 2400.441 2394.024 2388.45 2383.023 2373.821 2360.792 2350.388 2352.176 2359.952 2361.417 2357.838 2350.265 2343.45 2335.202 2329.621 2336.219 2347.966 2358.857 2372.609 2390.209 2409.587 2416.627 2414.848 2408.96 2408.959 2415.15 2423.666 2425.531 2418.099 2408.121 2399.22 2392.898 2385.279 2376.805 2372.321 2367.379 2361.766 2364.455 2365.284 2361.831 2355.576 2348.713 2342.709 2339.679 2339.437 2341.722 2348.898 2357.129
2392.729 2396.033 2396.188 2400.015 2404.029 2401.033 2393.687 2387.621 2385.316 2389.55 2398.961 2408.333 2415.898 2417.093 2413.427 2408.468 2402.37 2396.295 2388.822 2375.579 2363.58 2359.824 2369.528 2374.23 2371.038 2365.38 2361.114 2355.105 2345.893 2337.946 2341.714 2353.292 2365.242 2378.327 2396.206 2414.445 2419.551 2419.078 2416.634 2419.725 2425.977 2431.504 2427.4 2421.313 2414.32 2408.122 2400.339 2390.762 2385.101 2381.349 2370.327 2371.336 2375.789 2375.236 2370.907 2364.943 2358.76 2352.293 2347.816 2342.771 2341.626 2349.489 2364.273
2399.083 2403.586 2405.303 2406.49 2409.423 2408.856 2402.175 2397.979 2394.118 2392.807 2399.242 2407.902 2417.267 2420.852 2418.787 2414.005 2408.192 2401.314 2391.521 2375.528 2366.908 2373.797 2385.933 2388.409 2384.664 2378.946 2375.542 2367.787 2356.691 2346.757 2347.463 2360.79 2373.536 2386.821 2401.728 2414.973 2422.843 2425.363 2425.571 2430.135 2435.519 2438.501 2435.466 2429.317 2421.804 2413.942 2405.083 2398.096 2394.465 2387.972 2376.672 2380.799 2386.417 2386.254 2381.607 2375.761 2370.573 2364.286 2358.129 2350.635 2345.089 2346.662 2359.111
2404.253 2410.352 2413.845 2414.207 2415.125 2417.258 2412.527 2408.159 2402.292 2398.854 2400.415 2405.867 2415.967 2422.605 2422.371 2418.015 2411.683 2402.714 2390.65 2375.512 2373.155 2387.702 2398.399 2401.095 2397.987 2392.758 2388.103 2378.455 2365.282 2352.97 2352.351 2367.662 2382.424 2397.951 2408.95 2418.824 2428.191 2433.547 2436.486 2439.996 2443.51 2444.69 2443.015 2436.492 2427.188 2417.189 2410.387 2407.863 2403.77 2395.042 2385.838 2392.042 2398.307 2399.857 2395.838 2390.359 2383.617 2375.512 2367.392 2358.892 2350.771 2345.789 2349.488
2409.233 2415.765 2420.435 2422.406 2423.242 2425.538 2422.601 2416.745 2410.212 2406.941 2405.148 2407.728 2416.723 2423.948 2425.536 2421.657 2413.419 2401.197 2387.947 2377.818 2383.408 2399.759 2410.744 2413.296 2409.37 2403.845 2397.731 2386.65 2372.458 2359.885 2358.314 2374.271 2391.151 2405.264 2414.679 2425.591 2435.078 2442.879 2446.224 2447.181 2448.319 2448.536 2446.048 2437.831 2428.04 2420.331 2417.949 2416.166 2409.841 2400.887 2396.37 2403.186 2409.365 2412.745 2411.533 2407.06 2398.036 2386.672 2375.278 2364.817 2355.492 2349.744 2349.883
2407.125 2414.914 2422.982 2428.486 2430.357 2431.385 2428.854 2423.173 2418.242 2415.241 2411.912 2412.261 2419.019 2426.472 2428.527 2424.106 2413.307 2398.482 2386.78 2385.958 2394.176 2409.482 2423.212 2425.715 2421.091 2413.431 2405.095 2393.854 2380.746 2368.397 2364.955 2379.164 2395.916 2408.728 2418.709 2431.664 2441.615 2450.105 2453.842 2454.034 2454.267 2453.359 2449.217 2439.145 2430.965 2427.335 2427.304 2423.28 2414.073 2405.262 2406.022 2413.231 2420.137 2425.716 2427.158 2422.179 2411.842 2397.938 2382.934 2369.704 2359.369 2352.777 2351.13
2395.466 2403.403 2416.149 2426.142 2431.268 2434.465 2433.645 2430.631 2427.232 2422.567 2417.711 2415.522 2420.334 2428.111 2430.693 2424.417 2411.229 2396.66 2390.763 2398.023 2404.039 2418 2431.087 2435.363 2431.106 2422.195 2412.441 2400.982 2388.107 2375.231 2370.955 2381.313 2396.629 2411.567 2425.15 2437.329 2446.296 2454.85 2461.387 2462.632 2462.26 2459.828 2454.23 2444.338 2437.877 2437.071 2437.947 2430.747 2419.189 2411.082 2414.563 2423.109 2432.664 2441.106 2445.476 2437.371 2422.51 2406.189 2391.214 2376.59 2365.041 2356.1 2351.508
2381.3 2388.206 2403.26 2417.647 2428.178 2436.041 2439.026 2438.812 2435.828 2429.43 2423.488 2419.497 2422.571 2428.705 2430.809 2422.461 2409.107 2399.244 2401.295 2409.458 2412.04 2423.338 2436.473 2442.272 2440.119 2431.357 2419.816 2407.083 2392.773 2380.357 2377.241 2383.167 2396.965 2414.903 2430.138 2439.154 2446.719 2455.739 2467.066 2471.545 2471.881 2467.954 2460.84 2451.467 2447.917 2449.922 2448.178 2438.491 2425.302 2417.864 2424.127 2433.398 2443.077 2453.136 2462.697 2449.192 2429.309 2410.207 2396.297 2383.103 2370.558 2358.825 2352.428
2369.737 2379.789 2395.429 2411.406 2425.148 2436.03 2442.988 2445.875 2443.181 2436.447 2430.597 2425.766 2426.75 2431.064 2429.265 2419.725 2410.924 2408.242 2413.81 2419.496 2419.077 2425.909 2438.564 2446.063 2446.875 2439.854 2425.958 2412.247 2398.648 2388.84 2387.095 2388.523 2397.398 2413.686 2427.343 2435.498 2443.493 2453.745 2468.179 2476.987 2480.687 2477.161 2468.181 2460.805 2462.023 2463.311 2456.63 2443.493 2429.981 2424.355 2433.18 2441.421 2448.5 2457.239 2466.271 2449.826 2429.376 2410.644 2397.95 2386.731 2373.901 2360.644 2353.461
2367.402 2375.563 2388.91 2404.428 2421.126 2434.804 2444.292 2450.551 2449.47 2443.419 2437.628 2432.216 2431.372 2434.468 2429.252 2421.695 2421.586 2421.975 2423.582 2427.675 2425.772 2428.868 2439.527 2449.551 2452.719 2446.987 2432.525 2417.577 2405.453 2397.837 2400.105 2400.339 2400.026 2408.337 2420.723 2428.792 2437.396 2448.713 2463.602 2475.64 2484.672 2485.504 2477.159 2473.479 2474.979 2472.245 2460.886 2445.229 2433.786 2432.919 2440.595 2445.738 2448.671 2450.288 2447.782 2438.553 2424.155 2407.807 2397.563 2388.053 2375.094 2362.489 2354.694
2377.383 2374.277 2380.477 2395.195 2415.731 2432.531 2443.47 2452.301 2454.229 2450.22 2443.987 2438.016 2435.852 2437.689 2433.666 2428.845 2435.993 2437.079 2435.498 2437.112 2433.124 2432.783 2442.966 2452.943 2457.335 2453.777 2441.314 2424.235 2411.907 2405.095 2409.664 2413.823 2410.065 2406.025 2414.817 2423.021 2431.286 2442.299 2456.492 2471.573 2483.674 2490.265 2486.409 2485.551 2484.412 2473.909 2459.837 2446.812 2439.38 2442.884 2447.767 2448.739 2445.696 2442.351 2436.728 2428.532 2416.765 2403.979 2395.412 2385.891 2373.255 2363.395 2356.623
2391.02 2382.581 2380.055 2391.93 2412.252 2428.888 2441.031 2452.861 2458.743 2457.256 2449.391 2442.449 2439.636 2441.501 2439.766 2433.277 2440.867 2447.879 2447.93 2446.371 2439.88 2437.938 2448.604 2456.105 2460.743 2459.636 2450.112 2432.401 2418.876 2411.492 2417.182 2424.011 2423.084 2413.776 2414.588 2423.243 2431.972 2441.329 2451.529 2466.266 2477.9 2485.723 2490.095 2491.405 2487.361 2472.818 2460.805 2451.763 2447.763 2452.02 2454.352 2452.872 2445.746 2436.861 2428.857 2420.283 2408.806 2398.605 2389.952 2378.875 2368.517 2364.113 2361.78
2402.006 2392.839 2385.103 2392.835 2408.935 2423.436 2437.121 2452.312 2462.604 2464.313 2455.265 2447.375 2443.624 2443.587 2441.451 2436.773 2440.207 2449.402 2453.419 2451.993 2446.549 2445.282 2453.624 2460.482 2465.462 2466.342 2458.904 2442.551 2426.749 2419.814 2427.188 2433.55 2432.948 2423.269 2420.262 2431.269 2441.961 2449.066 2453.825 2462.436 2470.875 2478.985 2488.945 2493.348 2488.927 2477.495 2466.924 2458.523 2457.438 2460.887 2461.623 2458.369 2448.556 2434.897 2423.094 2413.124 2402.287 2391.807 2384.012 2373.978 2366.601 2366.163 2367.596
2411.562 2402.967 2392.847 2392.965 2404.99 2417.512 2432.314 2447.855 2460.613 2467.382 2462.011 2454.31 2450.368 2448.661 2444.191 2440.56 2439.958 2442.755 2451.457 2455.251 2455.456 2454.327 2457.854 2464.033 2468.822 2470.423 2465.837 2451.777 2435.821 2430.296 2439.613 2443.879 2439.535 2429.778 2426.844 2439.23 2450.682 2459.145 2463.777 2467.525 2472.196 2478.671 2489.723 2494.262 2491.478 2483.863 2472.784 2466.048 2469.124 2470.873 2468.922 2462.407 2449.117 2435.253 2421.276 2410.635 2401.984 2393.14 2387.178 2380.698 2373.898 2370.362 2373.694
2420.82 2412.89 2402.893 2395.856 2401.896 2413.886 2428.47 2442.622 2457.585 2466.603 2467.091 2461.626 2457.459 2454.151 2449.653 2446.428 2445.699 2445.15 2449.261 2457.234 2464.03 2464.364 2462.88 2466.861 2472.346 2474.893 2471.26 2459.591 2446.361 2442.493 2451.194 2451.837 2444.317 2434.732 2430.899 2443.974 2456.381 2467.306 2474.676 2479.494 2483.398 2487.203 2492.74 2495.02 2494.257 2489.397 2481.413 2477.7 2480.818 2479.521 2473.74 2463.214 2449.982 2437.302 2425.881 2416.837 2409.894 2403.315 2397.003 2390.063 2380.29 2376.349 2381.302
2430.904 2421.911 2413.171 2403.588 2401.355 2410.408 2423.772 2437.415 2452.379 2463.648 2469.111 2468.395 2464.871 2460.595 2456.395 2454.322 2452.491 2450.255 2449.094 2456.483 2468.719 2474.18 2470.406 2471.071 2475.154 2479.017 2476.173 2465.886 2456.617 2456 2461.354 2459.205 2450.041 2441.625 2436.368 2446.364 2459.341 2473.044 2483.24 2489.33 2494.16 2497.18 2498.496 2498.484 2496.756 2493.668 2490.498 2489.013 2488.193 2483.929 2474.635 2460.816 2452.769 2445.109 2438.659 2429.988 2420.553 2411.68 2404.23 2394.002 2382.419 2382.567 2388.062
2440.698 2433.213 2423.219 2412.43 2404.034 2405.914 2418.344 2432.979 2448.255 2462.527 2472.111 2474.325 2472.146 2468.176 2464.499 2461.63 2459.131 2456.145 2453.17 2455.728 2468.827 2479.117 2478.014 2476.862 2478.948 2482.212 2479.735 2471.721 2465.498 2468.289 2470.163 2465.984 2457.685 2448.581 2440.95 2447.882 2460.132 2473.749 2486.808 2494.486 2500.686 2503.356 2502.443 2501.484 2499.652 2498.346 2497.542 2495.137 2491.253 2484.346 2473.734 2463.753 2460.801 2458.579 2451.128 2441.219 2429.857 2418.003 2406.928 2393.152 2387.87 2392.097 2394.805
2445.574 2445.287 2435.264 2423.786 2411.545 2405.793 2413.568 2429.484 2447.126 2466.224 2477.431 2479.311 2478.797 2476.306 2472.72 2469.394 2466.012 2461.837 2457.611 2458.805 2468.101 2478.414 2481.709 2482.99 2484.732 2486.48 2483.543 2477.167 2474.048 2476.09 2476.71 2472.733 2465.402 2455.393 2446.12 2449.48 2460.796 2473.713 2485.905 2495.253 2502.244 2505.827 2505.206 2505.288 2503.91 2502.608 2501.914 2497.694 2491.424 2483.059 2473.739 2472.321 2473.998 2468.413 2457.946 2447.646 2435.691 2420.03 2403.14 2396.638 2399.011 2402.015 2399.947
2449.083 2455.24 2448.491 2438.177 2424.469 2412.073 2412.4 2426.404 2443.118 2462.756 2474 2477.073 2482.696 2484.58 2480.782 2476.695 2471.987 2467.342 2462.702 2462.166 2467.779 2477.851 2485.705 2488.779 2489.713 2490.587 2487.849 2482.762 2481.101 2481.746 2481.153 2477.074 2469.077 2459.389 2451.817 2451.188 2461.35 2474.216 2485.452 2494.659 2502.022 2506.332 2508.315 2509.712 2509.377 2506.28 2502.952 2497.755 2491.821 2486.055 2479.552 2478.936 2476.516 2470.022 2460.621 2450.621 2435.91 2416.135 2403.562 2407.075 2413.109 2413.326 2409.168
2454.998 2462.986 2461.592 2451.235 2438.566 2423.67 2416.368 2421.704 2433.566 2449.413 2461.338 2470.284 2485.793 2492.185 2488.053 2483.518 2478.19 2472.614 2467.252 2463.911 2467.052 2477.366 2487.276 2492.535 2494.002 2494.371 2491.398 2487.997 2486.693 2487.036 2485.041 2478.171 2470.921 2464.686 2459.765 2454.69 2460.883 2473.054 2484.779 2494.115 2501.922 2507.117 2511.324 2513.535 2512.896 2508.198 2502.806 2497.423 2491.688 2486.572 2480.097 2477.854 2474.403 2468.172 2459.892 2449.349 2432.816 2413.867 2414.393 2423.654 2427.201 2423.846 2416.343
2462.019 2469.283 2472.841 2462.65 2448.796 2436.082 2424.701 2423.078 2427.516 2437.085 2452.468 2473.82 2492.574 2498.746 2495.038 2490.063 2484.114 2477.642 2471.951 2468.786 2472.424 2480.373 2487.026 2493.146 2498.105 2498.817 2496.395 2492.937 2491.765 2491.048 2488.12 2481.594 2476.793 2474.038 2468.135 2460.492 2461.459 2469.217 2482.866 2493.179 2501.362 2507.979 2513.108 2515.467 2512.317 2505.955 2500.621 2496.743 2490.944 2484.467 2476.088 2473.383 2470.047 2463.616 2457.389 2445.846 2430.396 2422.764 2433.174 2437.637 2435.351 2427.233 2416.525
2465.958 2473.375 2477.961 2471.389 2455.744 2443.287 2434.37 2432.524 2431.565 2434.3 2450.618 2480.158 2502.147 2505.665 2501.577 2496.406 2489.702 2482.704 2475.525 2474.208 2480.698 2488.326 2491.046 2495.883 2500.879 2502.856 2501.523 2499.169 2497.482 2494.292 2490.567 2487.29 2484.889 2481.39 2474.391 2467.462 2465.736 2467.444 2479.684 2490.198 2499.632 2507.141 2513.173 2515.693 2511.682 2503.851 2500.178 2497.989 2492.288 2485.509 2477.131 2474.12 2468.578 2461.746 2455.979 2444.043 2432.792 2435.567 2445.645 2443.924 2435.516 2426.24 2416.616
2464.383 2472.761 2479.489 2476.682 2461.998 2450.712 2447.64 2445.692 2441.013 2436.785 2450.403 2477.868 2508.344 2512.497 2507.62 2501.795 2494.647 2487.083 2479.024 2478.557 2488.495 2496.626 2499.827 2501.54 2503.705 2505.927 2504.638 2503.302 2501.267 2497.54 2494.332 2492.257 2490.316 2486.087 2479.503 2476.747 2475.882 2473.774 2475.977 2485.031 2495.284 2505.165 2511.96 2515.496 2513.148 2508.535 2504.903 2501.107 2495.13 2488.212 2483.899 2478.705 2470.843 2463.083 2454.924 2443.273 2438.777 2447.923 2452.227 2445.045 2433.64 2424.963 2422.483
