QGeoWEPP-demo/Example_Data/BAER/dem.asc
ncols         361
nrows         464
xllcorner     467536.240419
yllcorner     4330678.455023
cellsize      30
NODATA_value  -9999
[rows 0 to 27 of 464, columns 252 to 314 of 361]
2201.657 2206.311 2214.939 2223.294 2227.677 2229.079 2224.991 2220.4 2217.05 2212.76 2210.084 2215.708 2220.175 2223.624 2222.821 2217.18 2212.983 2212.296 2198.28 2183.554 2175.968 2172.758 2176.996 2182.815 2186.877 2191.552 2196.632 2204.526 2210.355 2208.751 2205.49 2199.433 2194.203 2190.601 2187.445 2185.219 2187.67 2187.484 2183.013 2171.918 2163.963 2153.709 2144.348 2138.788 2135.046 2131.725 2128.476 2128.171 2129.391 2129.956 2129.061 2136.126 2141.097 2146.356 2147.174 2144.5 2144.291 2151.238 2155.175 2154.949 2150.123 2141.983 2131.534
2199.501 2201.687 2207.09 2213.232 2217.342 2219.199 2217.413 2213.682 2210.4 2207.503 2205.726 2212.506 2217.205 2218.737 2215.592 2210.784 2209.589 2207.669 2196.027 2183.15 2173.339 2167.052 2170.59 2174.703 2178.039 2181.261 2188.788 2198.845 2203.452 2203.005 2201.104 2196.853 2191.839 2186.146 2180.041 2179.215 2182.92 2184.706 2180.604 2171.582 2162.9 2152.813 2141.578 2135.412 2131.487 2128.451 2125.028 2124.013 2126.015 2126.529 2125.441 2133.907 2140.057 2145.658 2144.222 2141.841 2142.235 2147.464 2152.711 2154.037 2151.011 2144.455 2133.197
2200.028 2196.634 2197.019 2200.883 2205.309 2207.841 2208.848 2207.349 2204.666 2202.397 2202.067 2208.416 2212.569 2212.041 2206.668 2204.174 2206.314 2200.665 2191.339 2183.322 2173.057 2165.106 2167.097 2170.358 2173.231 2174.377 2182.76 2191.843 2194.661 2194.833 2192.42 2190.198 2186.038 2178.239 2171.69 2173.369 2177.549 2180.988 2175.387 2168.635 2160.659 2152.461 2141.247 2134.124 2129.09 2125.001 2121.191 2120.397 2121.907 2122.122 2125.604 2135.953 2143.956 2147.114 2141.774 2139.156 2139.902 2143.625 2149.388 2151.807 2150.364 2145.726 2134.069
2201.862 2196.945 2194.146 2193.32 2194.164 2195.306 2196.849 2199.703 2199.402 2197.917 2199.804 2204.412 2207.151 2204.541 2199.475 2199.814 2201.195 2195.495 2187.376 2180.9 2172.795 2164.404 2163.291 2166.926 2169.469 2172.071 2178.512 2182.808 2185.34 2184.691 2181.165 2179.704 2176.608 2169.536 2162.968 2166.427 2172.123 2176.525 2174.688 2164.125 2157.016 2149.395 2140.565 2133.764 2127.808 2122.887 2117.696 2116.989 2116.438 2116.522 2125.815 2137.542 2145.008 2144.518 2137.161 2134.931 2135.344 2139.746 2146.247 2150.972 2151.338 2147.399 2136.043
2204.582 2201.984 2197.367 2192.287 2188.324 2187.449 2190.168 2192.899 2194.567 2194.377 2196.75 2199.56 2200.388 2197.56 2193.436 2194.188 2192.671 2188.443 2183.147 2177.359 2171.182 2163.988 2161.05 2162.955 2166.349 2170.591 2172.669 2173.326 2175.1 2174.938 2172.33 2169.023 2166.56 2161.792 2154.484 2158.218 2166.216 2173.843 2175.469 2162.568 2151.915 2142.966 2136.328 2130.337 2124.925 2119.899 2115.228 2113.118 2111.753 2113.107 2124.117 2136.1 2141.97 2138.008 2130.019 2127.878 2130.348 2135.918 2143.922 2151.332 2153.317 2148.769 2138.416
2211.754 2207.662 2200.156 2192.021 2187.086 2184.348 2186.365 2188.08 2189.166 2190.215 2192.994 2194.541 2193.903 2191.182 2187.846 2185.642 2183.602 2180.411 2176.77 2172.975 2168.446 2164.371 2161.228 2158.896 2161.124 2165.697 2165.116 2165.108 2165.818 2166.503 2165.208 2161.419 2158.618 2154.551 2148.329 2150.906 2158.289 2167.729 2170.78 2161.479 2149.18 2137.963 2129.946 2124.155 2120.062 2115.637 2112.18 2109.266 2109.709 2115.368 2127.336 2136.451 2136.597 2130.173 2122.667 2121.656 2126.296 2132.005 2140.417 2149.112 2152.772 2150.276 2141.703
2218.901 2210.815 2200.895 2193.878 2187.72 2183.511 2182.886 2183.813 2183.517 2184.915 2187.61 2189.235 2188.155 2185.054 2183.105 2179.499 2176.886 2174.151 2170.933 2168.034 2164.952 2163.147 2160.239 2155.645 2154.79 2158.382 2157.558 2158.173 2158.74 2158.982 2157.902 2155.291 2154.115 2149.122 2142.587 2142.804 2148.588 2156.619 2163.341 2157.878 2147.454 2136.677 2126.547 2119.731 2114.836 2111.3 2108.195 2106.549 2110.186 2120.423 2133.08 2137.182 2132.24 2123.998 2116.081 2116.313 2122.594 2127.663 2136.09 2147.5 2152.518 2150.348 2142.324
2223.328 2213.393 2204.334 2197.712 2189.361 2182.987 2180.508 2177.748 2177.948 2180.021 2182.208 2183.241 2184.248 2185.542 2183.469 2178.844 2174.8 2170.732 2167.33 2164.127 2161.901 2160.285 2158.02 2154.494 2151.429 2149.814 2149.651 2151.073 2151.802 2151.467 2150.623 2149.502 2149.014 2144.715 2138.924 2136.669 2140.519 2147.151 2154.209 2151.598 2143.443 2134.391 2124.213 2116.257 2110.167 2106.813 2103.83 2105.834 2113.335 2124.379 2134.303 2136.11 2130.399 2121.636 2111.8 2111.063 2118.134 2123.367 2132.494 2146.97 2153.311 2146.815 2134.825
2223.391 2217.818 2208.35 2200.568 2191.803 2183.187 2179.336 2174.423 2173.751 2175.422 2177.144 2180.396 2184.944 2187.982 2186.184 2181.591 2176.928 2172.124 2166.215 2163.299 2161.659 2159.326 2156.99 2154.242 2150.06 2143.894 2142.486 2143.341 2143.94 2143.64 2143.806 2143.164 2143.258 2140.061 2135.443 2131.292 2134.441 2140.726 2145.218 2144.618 2137.984 2128.352 2119.72 2112.71 2106.637 2102.566 2099.603 2104.562 2115.321 2124.753 2131.833 2134.627 2128.926 2120.752 2110.689 2107.069 2111.766 2119.285 2128.362 2141.551 2150.451 2141.143 2126.292
2216.439 2215.574 2208.953 2201.703 2194.075 2186.073 2180.462 2175.236 2172.819 2172.806 2174.297 2178.832 2184.785 2187.081 2186.712 2182.908 2178.418 2173.474 2169.236 2166.567 2164.191 2160.876 2157.763 2154.071 2149.062 2143.253 2140.1 2138.571 2137.58 2136.802 2136.973 2136.724 2137.699 2134.952 2130.535 2126.771 2128.475 2134.14 2138.3 2138.112 2132.313 2122.774 2114.5 2109.104 2103.499 2098.976 2095.995 2101.324 2112.759 2121.676 2127.969 2131.738 2126.059 2118.606 2110.008 2103.53 2104.942 2114.334 2123.186 2133.531 2142.219 2133.672 2121.028
2208.32 2207.443 2204.458 2199.065 2193.237 2187.277 2181.51 2176.985 2173.921 2172.569 2173.848 2176.808 2181.229 2184.497 2185.899 2183.731 2180.356 2176.497 2174.667 2171.119 2167.707 2163.452 2159.892 2155.451 2150.773 2146.562 2142.493 2138.565 2134.485 2131.724 2130.525 2130.732 2131.492 2129.409 2125.501 2123.412 2123.001 2127.214 2131.528 2131.862 2127.049 2118.482 2109.547 2103.956 2099.323 2095.043 2092.584 2099.336 2110.681 2119.992 2125.081 2125.96 2120.28 2113.955 2107.452 2100.478 2099.171 2107.021 2118.199 2128.038 2132.631 2125.139 2113.612
2201.983 2199.962 2197.126 2193.294 2188.738 2184.593 2179.937 2177.025 2174.425 2172.503 2172.305 2174.652 2178.125 2183.067 2186.418 2186.697 2185.376 2182.626 2179.539 2175.423 2172.233 2167.653 2164.056 2159.791 2155.887 2152.051 2147.251 2141.518 2135.092 2130.074 2127.362 2126.481 2125.628 2123.05 2119.453 2118.319 2117.379 2119.884 2124.56 2125.773 2122.119 2113.784 2104.653 2097.517 2092.926 2089.623 2089.612 2100.049 2112.177 2121.031 2123.551 2119.183 2112.211 2106.574 2102.515 2096.68 2093.573 2100.81 2114.286 2123.678 2125.864 2117.863 2106.237
2196.185 2193.063 2189.829 2187.527 2183.621 2180.076 2176.828 2174.765 2172.752 2171.006 2169.616 2172.439 2176.796 2182.68 2188.016 2190.593 2191.353 2189.005 2185.256 2181.748 2178.835 2175.034 2171.083 2166.04 2162.73 2159.155 2153.485 2145.743 2138.437 2132.658 2128.402 2125.081 2121.926 2118.485 2115.039 2113.826 2111.894 2112.311 2116.741 2118.345 2115.691 2108.416 2099.385 2091.016 2085.087 2082.66 2088.257 2100.91 2112.188 2118.51 2117.903 2113.667 2105.147 2098.6 2095.574 2090.893 2089.007 2099.031 2111.237 2118.412 2119.636 2111.886 2100.807
2191.207 2187.445 2184.795 2183.017 2179.344 2175.719 2174.163 2172.002 2169.559 2167.817 2166.743 2169.474 2174.734 2180.612 2188.167 2194.421 2197.9 2197.118 2194.234 2190.873 2187.43 2184.011 2179.337 2173.558 2170.638 2166.926 2159.962 2150.704 2143.814 2138.265 2131.942 2126.261 2122.328 2119.118 2115.431 2112.356 2109.017 2106.583 2107.438 2108.67 2106.502 2100.239 2093.108 2085.387 2079.211 2076.387 2086.887 2098.739 2107.281 2110.128 2107.079 2106.765 2100.578 2092.328 2088.491 2085.433 2085.984 2095.919 2106.389 2111.569 2113.011 2107.25 2096.281
2187.818 2185.216 2183.345 2181.272 2177.315 2174.508 2173.409 2170.231 2166.409 2164.234 2162.845 2164.872 2171.518 2178.8 2187.71 2197.356 2203.727 2205.642 2203.955 2200.502 2196.636 2192.608 2187.347 2182.459 2179.705 2175.147 2166.655 2157.777 2152.195 2145.61 2137.174 2130.774 2126.137 2122.655 2119.145 2114.273 2108.914 2104.367 2101.24 2099.935 2096.728 2091.435 2086.346 2080.344 2075.624 2073.461 2082.906 2092.751 2098.159 2100.002 2097.384 2098.657 2095.475 2087.231 2081.518 2079.862 2082.322 2091.978 2100.409 2104.381 2106.654 2102.969 2092.514
2186.599 2185.697 2184.112 2182.263 2179.806 2176.74 2173.292 2168.615 2163.313 2161.008 2158.768 2161.294 2170.702 2180.416 2189.424 2198.925 2206.867 2211.767 2211.812 2208.825 2204.887 2201.098 2195.81 2191.457 2189.653 2185.438 2175.783 2167.816 2161.745 2152.531 2143.576 2137.793 2132.189 2127.541 2124.297 2118.334 2111.043 2105.655 2101.017 2096.829 2091.819 2086.468 2082.048 2076.8 2072.604 2071 2077.694 2084.455 2087.643 2089.222 2089.981 2090.681 2088.174 2082.138 2074.57 2073.289 2077.822 2087.074 2093.605 2097.918 2101.298 2098.078 2089.311
2187.338 2187.591 2186.571 2185.055 2183.9 2178.429 2171.594 2165.776 2159.622 2157.117 2156.01 2162.128 2173.955 2184.695 2194.13 2202.569 2210.213 2216.374 2218.905 2215.578 2210.922 2206.938 2202.107 2197.928 2196.556 2194.654 2187.492 2179.572 2171.099 2160.757 2153.402 2147.252 2139.902 2133.768 2129.873 2122.581 2113.186 2106.92 2102.525 2097.879 2092.81 2087.938 2082.561 2077.236 2071.163 2066.288 2070.935 2075.771 2078.599 2080.791 2082.681 2083.249 2081.414 2076.584 2067.745 2067.612 2074.848 2082.208 2087.768 2092.423 2095.351 2093.07 2084.863
2187.921 2190.146 2191.245 2190.786 2186.973 2178.634 2170.626 2163.522 2156.777 2153.513 2155.169 2165.327 2178.255 2190.322 2199.849 2208.52 2215.015 2219.356 2220.103 2216.477 2212.027 2207.475 2201.57 2196.6 2196.639 2198.558 2196.451 2190.651 2181.041 2171.717 2166.529 2157.915 2148.927 2142.644 2136.846 2127.966 2117.267 2109.683 2105.642 2101.084 2096.115 2091.356 2086.728 2080.727 2072.805 2063.299 2063.292 2066.642 2070.527 2072.867 2075.192 2076.558 2075.303 2070.681 2062.16 2065.202 2074.35 2080.413 2084.461 2086.105 2088.09 2086.562 2078.499
2186.795 2192.57 2196.7 2198.442 2191.758 2180.673 2172.075 2163.925 2156.043 2151.425 2154.777 2165.969 2178.878 2190.976 2199.534 2209.101 2218.158 2219.597 2212.764 2208.532 2207.074 2204.101 2196.738 2191.179 2193.075 2198.02 2198.893 2197.572 2190.973 2183.76 2177.574 2168.567 2161.483 2156.586 2146.647 2134.729 2123.299 2115.117 2111.432 2107.795 2103.174 2097.765 2092.124 2084.409 2074.24 2063.275 2058.529 2058.493 2062.16 2063.776 2066.91 2069.166 2067.818 2063.389 2058.54 2065.706 2075.388 2077.696 2077.856 2081.445 2084.616 2082.563 2072.973
2185.684 2192.624 2200.464 2204.342 2196.614 2184.25 2174.409 2165.435 2156.048 2148.795 2152.852 2163.37 2174.303 2184.136 2192.804 2203.343 2214.318 2217.11 2206.73 2200.686 2200.895 2199.611 2192.787 2186.573 2186.654 2190.873 2194.934 2198.469 2197.913 2194.208 2186.549 2178.986 2175.487 2171.19 2158.14 2143.002 2131.58 2124.827 2120.924 2118.304 2113.877 2106.317 2096.831 2086.7 2074.408 2063.338 2055.066 2051.759 2053.27 2054.172 2057.709 2060.572 2059.209 2054.704 2055.048 2065.137 2070.842 2071.78 2073.086 2079.409 2085.94 2083.709 2073.596
2183.566 2188.587 2198.334 2202.332 2197.562 2187.179 2179.168 2170.065 2158.499 2145.913 2148.523 2156.488 2165.204 2175.28 2186.275 2197.862 2207.73 2211.609 2201.806 2194.975 2194.671 2194.262 2188.806 2180.338 2176.479 2180.033 2186.937 2193.834 2198.442 2199.35 2193.9 2189.967 2187.649 2181.782 2168.924 2154.499 2145.004 2138.306 2133.875 2132.069 2127.732 2118.011 2102.7 2088.515 2075.923 2064.578 2054.252 2047.032 2045.346 2046.22 2049.896 2053.509 2052.617 2046.724 2052.362 2059.475 2062.928 2065.089 2069.939 2077.777 2084.487 2084.936 2074.472
2178.867 2182.536 2191.067 2193.667 2193.597 2190.518 2184.355 2173.543 2159.638 2145.612 2142.54 2146.827 2156.517 2168.908 2182.189 2193.198 2201.978 2205.267 2195.779 2187.821 2186.848 2188.817 2184.621 2175.992 2168.207 2170.746 2178.66 2186.531 2193.512 2199.077 2201.718 2201.218 2197.98 2190.097 2179.6 2168.906 2162.939 2155.673 2148.919 2146.331 2141.631 2130.575 2110.401 2092.183 2077.607 2066.722 2055.18 2044.628 2039.343 2040.206 2042.828 2046.428 2047.157 2041.099 2046.682 2051.68 2056.085 2057.798 2064.471 2070.376 2074.799 2077.434 2069.615
2174.558 2178.213 2183.057 2186.071 2190.272 2193.852 2187.345 2176.093 2161.889 2146.4 2137.3 2138.561 2150.159 2163.633 2175.418 2186.091 2195.034 2198.633 2189.135 2179.945 2177.082 2181.192 2179.176 2171.555 2163.905 2163.776 2170.715 2179.045 2186.593 2194.057 2206.953 2212.898 2209.031 2198.936 2189.307 2183.791 2180.413 2174.519 2168.655 2163.557 2152.854 2137.99 2117.052 2097.002 2079.285 2067.572 2055.905 2043.405 2035.273 2034.342 2036.579 2040.019 2041.154 2035.416 2039.933 2044.762 2049.708 2050.511 2056.405 2060.064 2063.624 2065.884 2062.554
2169.865 2173.252 2176.273 2179.986 2187.861 2197.699 2191.813 2180.701 2166.722 2149.791 2135.971 2132.362 2141.2 2154.618 2166.469 2179.37 2189.099 2192.525 2184.545 2175.18 2169.71 2172.096 2171.599 2165.475 2157.815 2156.496 2163.555 2171.933 2178.905 2189.513 2205.363 2218.655 2216.991 2207.554 2198.94 2194.635 2191.296 2186.968 2187.59 2180.597 2162.341 2141.553 2122.36 2101.245 2082.379 2069.023 2056.25 2042.864 2033.455 2029.84 2031.676 2034.625 2035.693 2030.91 2032.914 2037.524 2041.539 2043.454 2048.726 2050.26 2053.828 2055.232 2053.825
2166.608 2168.388 2170.153 2175.7 2184.988 2195.144 2191.34 2181.917 2169.246 2153.055 2136.43 2128.423 2133.674 2146.892 2161.721 2174.728 2182.62 2185.534 2180.645 2172.424 2166.183 2162.747 2162.51 2159.014 2152.506 2149.079 2155.451 2162.688 2172.993 2186.715 2200.547 2211.132 2209.608 2203.353 2197.041 2191.102 2186.428 2183.45 2187.513 2182.451 2165.287 2141.818 2123.29 2101.601 2082.651 2068.864 2055.004 2041.852 2031.762 2026.232 2027.073 2028.897 2029.196 2024.971 2025.835 2029.031 2030.957 2034.607 2039.418 2041.341 2042.768 2045.524 2045.251
2163.797 2163.222 2164.979 2170.709 2176.283 2180.193 2180.844 2175.419 2164.727 2150.544 2134.549 2124.923 2130.053 2143.098 2156.03 2168.689 2177.263 2180.628 2178.208 2171.071 2163.584 2157.152 2154.391 2151.477 2146.529 2141.077 2145.091 2153.817 2167.307 2181.365 2191.137 2193.468 2190.155 2186.236 2180.339 2173.154 2166.899 2163.539 2167.753 2169.982 2158.642 2138.275 2118.502 2096.41 2077.485 2063.597 2049.504 2037.056 2026.214 2022.606 2022.742 2022.602 2022.361 2021.796 2021.361 2021.808 2022.579 2025.388 2026.487 2029.592 2032.927 2036.547 2037.089
2162.469 2159.149 2159.922 2162.973 2164.585 2167.062 2169.69 2165.589 2155.706 2143.169 2130.008 2121.5 2125.865 2138.59 2149.802 2163.672 2173.946 2177.136 2176.819 2171.523 2163.507 2156.644 2151.095 2145.639 2140.798 2134.532 2135.304 2144.698 2156.561 2170.532 2177.575 2174.564 2169.669 2165.712 2158.862 2151.278 2143.403 2140.158 2146.186 2153.069 2145.311 2128.525 2109.597 2087.372 2067.472 2048.55 2038.152 2032.002 2027.094 2028.061 2025.887 2021.274 2020.673 2023.039 2023.721 2022.714 2021.234 2019.989 2016.173 2016.447 2021.307 2026.539 2029.083
2162.483 2157.451 2154.786 2153.559 2154.677 2161.902 2163.794 2159.193 2147.922 2136.799 2126.017 2119.822 2122.111 2133.511 2145.359 2157.969 2167.701 2174.017 2175.238 2172.268 2165.35 2157.873 2151.619 2145.265 2138.62 2131.145 2126.739 2133.593 2143.12 2152.983 2155.693 2150.35 2146.561 2144.449 2138.049 2130.242 2123.658 2122.258 2127.473 2130.672 2123.601 2109.361 2093.27 2077.314 2057.851 2035.809 2036.38 2042.863 2047.77 2051.264 2047.959 2040.936 2037.05 2038.213 2037.356 2033.455 2028.851 2023.433 2016.683 2012.202 2012.554 2016.63 2020.17
