QGeoWEPP-demo/Example_Data/BAER/dem.asc
ncols         361
nrows         464
xllcorner     467536.240419
yllcorner     4330678.455023
cellsize      30
NODATA_value  -9999
[rows 252 to 279 of 464, columns 189 to 251 of 361]
2332.28 2326.357 2320.468 2314.736 2309.868 2306.548 2304.091 2302.412 2301.323 2301.302 2302.232 2304.894 2307.184 2308.42 2308.251 2307.751 2308.65 2310.54 2309.34 2308.565 2308.846 2313.35 2315.688 2310.904 2299.649 2289.942 2278.875 2266.62 2245.74 2232.546 2237.112 2246.266 2255.198 2262.528 2256.831 2244.157 2228.354 2213.244 2201.051 2187.31 2173.128 2157.791 2144.049 2132.459 2123.438 2117.185 2110.337 2105.148 2099.924 2098.992 2101.11 2099.033 2092.498 2092.194 2092.194 2092.194 2092.194 2092.194 2092.194 2092.194 2092.194 2092.194 2092.194
2336.43 2327.78 2320.491 2313.497 2307.013 2302.686 2299.652 2297.998 2296.516 2295.692 2295.796 2296.42 2296.728 2297.027 2296.218 2296.163 2300.886 2306.007 2307.911 2308.033 2306.881 2306.25 2306.939 2304.82 2295.958 2283.425 2272.227 2261.969 2242.067 2229.996 2229.382 2235.976 2244.165 2252.599 2260.666 2256.348 2241.186 2226.742 2210.703 2195.169 2177.8 2162.273 2147.827 2135.24 2124.367 2117.912 2111.145 2105.323 2099.892 2096.426 2096.947 2096.213 2092.573 2092.194 2092.194 2092.194 2092.194 2092.194 2092.194 2092.194 2092.194 2092.194 2092.194
2336.137 2327.135 2319.356 2312.201 2306.168 2300.299 2295.346 2292.934 2291.364 2289.666 2289.533 2288.725 2287.174 2286.217 2285.169 2285.195 2290.047 2295.95 2300.309 2302.256 2302.269 2301.829 2301.591 2299.213 2291.239 2277.007 2263.788 2256.285 2243.849 2230.958 2223.385 2225.246 2234.181 2243.002 2255.254 2259.769 2251.287 2236.679 2216.685 2198.233 2180.236 2165.189 2150.432 2138.269 2127.469 2120.249 2114.103 2107.519 2101.483 2097.631 2096.699 2096.451 2094.998 2092.392 2092.363 2092.297 2092.198 2092.194 2092.194 2092.194 2092.194 2092.194 2092.194
2331.688 2324.063 2316.779 2309.798 2303.563 2296.823 2291.495 2287.431 2284.595 2283.734 2283.604 2281.731 2277.321 2274.613 2274.181 2276.176 2279.914 2283.973 2290.485 2295.57 2297.076 2298.487 2298.537 2295.587 2285.229 2268.68 2254.727 2247.704 2241.691 2231.589 2221.341 2218.953 2225.615 2232.292 2239.551 2245.519 2244.835 2233.987 2217.642 2199.764 2182.208 2167.695 2153.259 2141.001 2131.008 2123.238 2116.625 2110.108 2103.955 2099.15 2097.252 2096.339 2098.25 2095.873 2095.465 2094.302 2092.261 2092.194 2092.194 2092.194 2092.194 2092.194 2092.194
2327.153 2320.209 2314.343 2308.182 2302.042 2295.436 2289.75 2283.708 2279.296 2277.578 2276.723 2274.385 2268.145 2263.662 2263.969 2267.978 2269.489 2271.37 2280.268 2286.79 2288.408 2293.255 2295.421 2291.209 2276.367 2259.761 2246.893 2238.838 2231.518 2224.204 2219.482 2215.358 2215.348 2219.933 2224.406 2226.41 2225.345 2221.466 2212.197 2198.277 2183.62 2169.05 2155.812 2143.834 2134.082 2125.664 2118.252 2112.242 2106.562 2101.08 2098.124 2096.281 2099.014 2100.84 2098.426 2096.422 2092.32 2092.194 2092.194 2092.194 2092.194 2092.194 2092.194
2326.09 2319.015 2314.111 2308.93 2303.121 2295.95 2289.596 2283.865 2278.113 2271.834 2268.947 2265.912 2259.949 2254.39 2255.7 2259.61 2259.128 2258.916 2267.756 2273.386 2274.092 2277.975 2279.388 2274.794 2262.704 2251.37 2242.615 2235.521 2227.027 2219.757 2219.774 2216.141 2207.898 2206.677 2207.776 2208.192 2208.199 2207.107 2201.533 2191.185 2178.873 2165.395 2154.188 2144.066 2134.517 2126.664 2119.048 2112.289 2107.723 2103.299 2099.506 2098.116 2102.064 2106.078 2103.224 2098.812 2092.361 2092.194 2092.194 2092.194 2092.194 2092.194 2092.194
2329.373 2323.119 2316.743 2310.365 2303.65 2295.984 2289.667 2283.907 2277.507 2269.203 2263.42 2257.119 2251.078 2245.936 2246.576 2249.209 2247.693 2248.629 2256.557 2260.956 2260.689 2259.616 2256.407 2251.716 2247.024 2242.319 2239.414 2235.832 2230.189 2224.295 2221.754 2216.575 2205.409 2198.827 2195.01 2193.589 2194.605 2193.34 2188.626 2180.065 2169.194 2159.385 2150.049 2140.822 2132.366 2125.645 2118.321 2111.322 2106.342 2101.75 2099.502 2100.482 2107.828 2111.021 2110.985 2104.741 2094.968 2092.194 2092.194 2092.194 2092.194 2092.194 2092.194
2332.463 2328.25 2320.481 2312.715 2304.443 2295.949 2289.494 2283.307 2277.144 2269.84 2262.539 2253.267 2242.806 2235.53 2236.713 2238.661 2236.129 2238.984 2246.358 2250.202 2247.321 2243.317 2239.27 2234.431 2232.641 2231.839 2233.937 2235.45 2233.653 2230.658 2223.895 2215.079 2205.979 2198.214 2189.951 2183.939 2182.484 2180.398 2175.847 2168.46 2159.676 2151.934 2144.611 2136.388 2128.866 2121.495 2115.111 2108.952 2104.182 2098.706 2097.387 2100.744 2110.514 2114.826 2114.282 2108.465 2096.868 2092.381 2092.194 2092.194 2092.194 2092.194 2092.194
2330.025 2327.647 2321.375 2314.396 2306.647 2297.481 2289.967 2283.261 2277.321 2271.402 2263.93 2254.281 2241.567 2231.149 2230.04 2232.96 2229.566 2229.632 2236.097 2239.768 2237.592 2229.904 2225.761 2222.927 2220.662 2219.739 2225.976 2233.413 2236.649 2234.733 2227.007 2215.689 2206.821 2200.513 2192.775 2183.328 2177.057 2171.231 2167.233 2160.507 2155.937 2150.414 2145.202 2137.338 2128.795 2119.147 2111.367 2106.754 2102.243 2098.552 2096.126 2097.199 2104.343 2108.749 2107.377 2105.718 2097.477 2092.424 2092.194 2092.194 2092.194 2092.194 2092.194
2322.303 2321.567 2317.99 2312.405 2306.255 2299.046 2291.44 2284.136 2277.719 2272.117 2264.599 2254.827 2243.141 2233.613 2225.449 2223.663 2223.341 2219.777 2225.3 2230.414 2231.443 2223.969 2216.513 2211.399 2208.141 2207.327 2215.322 2225.608 2232.058 2228.552 2223.619 2216.404 2208.805 2204.048 2198.49 2190.386 2183.546 2176.424 2168.281 2163.607 2160.762 2155.437 2148.411 2139.972 2129.953 2119.605 2111.44 2106.671 2102.005 2098.066 2094.98 2093.331 2095.307 2096.65 2096.106 2096.176 2092.977 2092.228 2092.194 2092.194 2092.194 2092.194 2092.194
2312.525 2313.361 2311.848 2307.863 2304.342 2299.32 2294.161 2287.477 2280.645 2274.756 2267.365 2256.371 2243.868 2235.858 2226.651 2218.644 2214.339 2211.807 2211.501 2217.23 2221.958 2218.703 2212.471 2204.668 2196.946 2197.284 2204.82 2213.322 2217.457 2214.695 2214.469 2214.214 2212.635 2208.348 2205.032 2199.719 2193.131 2186.398 2179.636 2175.134 2169.331 2160.32 2149.942 2140.74 2131.401 2121.822 2116.196 2109.96 2103.267 2098.77 2095.75 2093.057 2092.491 2092.627 2092.564 2092.609 2092.199 2092.194 2092.194 2092.194 2092.194 2092.194 2092.194
2301.997 2303.119 2302.149 2299.767 2297.872 2298 2295.685 2290.294 2282.851 2276.21 2268.083 2257.907 2248.119 2241.006 2232.486 2222.82 2213.023 2207.104 2201.838 2202.077 2208.874 2211.166 2208.909 2202.221 2192.466 2187.888 2194.151 2200.958 2204.507 2203.742 2207.505 2210.754 2212.905 2211.377 2208.917 2203.453 2195.055 2190.832 2186.763 2182.448 2172.947 2161.797 2150.985 2142.558 2136.415 2131.005 2123.39 2114.767 2106.43 2103.011 2099.124 2096.522 2094.994 2092.194 2092.194 2092.194 2092.194 2092.194 2092.194 2092.194 2092.194 2092.194 2092.194
2289.665 2290.639 2291.173 2292.142 2292.686 2295.469 2295.004 2290.742 2283.437 2277.25 2270.525 2262.939 2254.872 2247.939 2238.53 2228.234 2218.125 2209.836 2201.765 2195.074 2197.219 2201.578 2202.095 2197.791 2188.807 2182.428 2185.766 2190.28 2191.596 2196.746 2204.229 2210.459 2212.291 2211.306 2208.906 2201.717 2191.289 2185.6 2183.536 2181.071 2173.772 2162.92 2151.775 2144.047 2138.405 2133.975 2126.955 2118.208 2111.841 2108.912 2102.786 2098.481 2096.871 2092.084 2092.194 2092.194 2092.194 2092.194 2092.194 2092.194 2092.194 2092.194 2092.194
2278.813 2280.599 2282.163 2285.48 2290.291 2293.11 2295.146 2293.036 2287.859 2281.361 2275.468 2269.177 2262.323 2254.712 2244.161 2233.718 2223.343 2214.944 2206.223 2194.944 2186.511 2188.149 2190.776 2189.983 2184.386 2176.782 2176.811 2179.499 2181.22 2191.521 2201.854 2208.341 2209.135 2207.399 2206.016 2200.23 2189.29 2179.75 2174.273 2171.544 2166.7 2159.131 2150.536 2143.177 2137.271 2133.165 2127.686 2122.159 2117.893 2111.651 2106.557 2102.028 2098.454 2095.277 2092.194 2092.194 2092.194 2092.194 2092.194 2092.194 2092.194 2092.194 2092.194
2270.884 2274.719 2278.955 2284.35 2290.811 2294.375 2297.618 2296.533 2292.814 2285.769 2279.248 2272.713 2266.374 2257.127 2249.422 2240.537 2229.609 2221.816 2212.215 2198.082 2184.467 2180.687 2178.673 2179.264 2177.585 2171.45 2170.136 2171.237 2174.19 2187.939 2197.88 2200.293 2198.03 2196.728 2198.792 2198.105 2190.869 2178.989 2168.459 2161.549 2157.387 2152.668 2146.776 2140.788 2135.484 2132.306 2128.188 2124.844 2121.467 2117.536 2113.974 2109.774 2104.294 2098.054 2092.78 2092.194 2092.194 2092.194 2092.194 2092.194 2092.194 2092.194 2092.194
2265.357 2271.939 2279.644 2287.664 2294.48 2297.949 2298.891 2298.328 2294.395 2287.888 2280.615 2273.167 2264.351 2253.03 2247.376 2244.35 2237.602 2229.34 2217.748 2201.97 2188.761 2179.839 2172.287 2169.851 2168.062 2165.682 2164.283 2166.193 2172.26 2184.634 2191.073 2189.816 2185.162 2185.567 2189.536 2193.01 2190.41 2181.27 2168.148 2157.536 2151.045 2146.801 2141.967 2137.57 2133.703 2129.444 2126.368 2126.19 2125.507 2123.451 2120.951 2114.372 2104.683 2094.88 2092.429 2092.194 2092.194 2092.194 2092.194 2092.194 2092.194 2092.194 2092.194
2261.365 2271.048 2281.083 2290.138 2295.158 2296.018 2297.214 2297.425 2294.944 2287.581 2279.52 2271.276 2259.643 2248.468 2242.28 2239.936 2238.484 2232.644 2220.415 2205.491 2194.844 2184.271 2174.049 2166.194 2160.538 2158.854 2158.395 2161.954 2170.327 2178.947 2182.901 2181.147 2176.003 2174.875 2179.835 2185.817 2188.312 2182.085 2170.898 2159.516 2149.835 2144.008 2137.526 2132.696 2128.595 2125.153 2122.065 2124.261 2125.559 2123.966 2118.866 2109.172 2098.455 2092.68 2092.194 2092.194 2092.194 2092.194 2092.194 2092.194 2092.194 2092.194 2092.194
2257.2 2268.497 2279.145 2287.305 2291.039 2291.055 2291.627 2292.613 2291.668 2286.349 2278.734 2268.656 2254.214 2243.504 2236.653 2232.825 2233.444 2230.957 2221.593 2209.781 2199.606 2189.298 2179.373 2168.785 2159.886 2155.539 2151.946 2155.575 2163.537 2170.256 2173.662 2172.647 2167.977 2163.935 2167.651 2177.604 2185.892 2180.549 2169.466 2158.215 2148.12 2142.332 2135.513 2128.502 2123.156 2122.123 2114.841 2116.407 2119.095 2114.795 2106.862 2097.67 2093.455 2092.26 2092.194 2092.194 2092.194 2092.194 2092.194 2092.194 2092.194 2092.194 2092.194
2247.274 2261.757 2272.163 2279.147 2279.962 2278.146 2278.916 2281.845 2283.704 2282.814 2277.158 2267.26 2251.58 2241.234 2232.386 2225.907 2224.275 2225.709 2221.683 2213.708 2203.8 2192.74 2182.94 2172.977 2163.66 2155.933 2147.899 2147.286 2152.585 2157.811 2161.658 2162.101 2159.718 2156.429 2160.596 2171.735 2181.904 2178.202 2167.784 2155.718 2145.814 2140.573 2134.548 2126.567 2119.702 2117.787 2109.079 2104.333 2106.555 2104.557 2098.494 2092.894 2092.194 2092.194 2092.194 2092.194 2092.194 2092.194 2092.194 2092.194 2092.194 2092.194 2092.194
2241.921 2247.35 2256.96 2265.301 2265.936 2263.799 2263.891 2266.279 2268.489 2268.968 2269.74 2264.247 2253.185 2243.205 2233.563 2224.605 2219.5 2219.322 2218.391 2214.129 2206.357 2195.9 2186.531 2176.984 2167.274 2159.365 2150.543 2142.826 2138.721 2144.915 2151.222 2152.314 2150.429 2150.521 2159.438 2170.307 2177.525 2174.67 2167.031 2155.657 2145.569 2139.021 2131.816 2123.643 2115.95 2111.38 2105.737 2099.244 2098.493 2095.93 2093.952 2092.403 2092.194 2092.194 2092.194 2092.194 2092.194 2092.194 2092.194 2092.194 2092.194 2092.194 2092.194
2241.688 2236.836 2240.69 2248.883 2250.464 2248.244 2247.937 2248.933 2249.772 2255.335 2260.003 2257.405 2250.246 2242.915 2235.117 2226.325 2218.767 2212.527 2210.702 2209.745 2204.941 2197.236 2189.393 2180.416 2170.443 2163.668 2155.841 2145.529 2134.783 2134.306 2137.802 2140.08 2139.802 2144.66 2156.485 2166.057 2170.363 2167.667 2161.912 2153.212 2144.234 2137.39 2129.805 2121.371 2112.255 2106.516 2107.508 2102.362 2094.075 2092.352 2092.2 2092.194 2092.194 2092.194 2092.194 2092.194 2092.194 2092.194 2092.194 2092.194 2092.194 2092.74 2095.01
2243.896 2235.597 2232.446 2233.71 2235.493 2233.897 2232.276 2231.45 2231.089 2240.616 2249.29 2246.453 2240.888 2236.931 2232.019 2225.61 2219.3 2211.679 2205.107 2200.36 2200.072 2197.286 2189.669 2180.809 2172.549 2166.669 2160.03 2150.865 2138.977 2131.352 2126.515 2126.698 2128.322 2136.563 2147.043 2154.188 2157.2 2155.259 2151.562 2146.548 2138.951 2132.073 2124.73 2115.229 2106.376 2100.888 2101.217 2097.591 2092.194 2092.194 2092.194 2092.194 2092.194 2092.194 2092.194 2092.194 2092.276 2092.304 2092.297 2092.232 2092.407 2094.338 2098.655
2248.813 2239.359 2231.618 2224.729 2222.329 2219.537 2216.304 2214.593 2214.188 2226.088 2232.998 2231.411 2227.834 2224.605 2223.278 2221.047 2216.092 2210.784 2203.384 2195.729 2193.456 2194 2186.128 2178.567 2172.075 2167.169 2162.45 2155.173 2142.609 2134.27 2124.423 2117.222 2115.407 2123.738 2132.23 2136.71 2138.354 2137.799 2137.173 2136.036 2130.599 2120.281 2110.933 2103.818 2100.145 2096.384 2093.465 2092.194 2092.194 2092.194 2092.194 2092.194 2092.194 2092.194 2092.194 2092.701 2094.644 2095.486 2095.276 2094.338 2093.909 2094.754 2100.035
2254.232 2243.624 2235.267 2226.946 2220.139 2212.38 2206.382 2201.943 2201.518 2212.044 2217.143 2216.635 2213.921 2212.939 2213.598 2212.428 2209.413 2206.721 2201.167 2193.243 2185.084 2188.096 2181.869 2175.052 2168.864 2163.544 2159.734 2153.419 2144.134 2139.262 2130.802 2118.943 2107.233 2106.261 2112.92 2117.466 2118.221 2116.803 2118.904 2122.156 2118.855 2105.309 2098.03 2094.897 2094.863 2093.658 2092.194 2092.194 2092.194 2092.194 2092.194 2092.194 2092.194 2092.194 2092.558 2094.539 2098.037 2100.068 2099.374 2097.708 2096.997 2096.799 2102.747
2258.682 2248.122 2240.842 2235.379 2227.707 2220.571 2211.157 2199.995 2192.233 2198.497 2202.479 2202.902 2201.229 2201.436 2203.063 2201.039 2199.388 2200.114 2195.542 2185.416 2174.918 2180.984 2178.12 2171.9 2164.177 2158.852 2156.446 2152.291 2146.929 2144.458 2138.78 2129.277 2114.444 2100.956 2098.041 2100.023 2100.557 2098.804 2101.041 2104.89 2103.37 2095.104 2093.083 2092.194 2092.194 2092.194 2092.194 2092.194 2092.194 2092.194 2092.194 2092.194 2092.026 2092.181 2093.19 2097.455 2102.958 2106.345 2105.37 2103.941 2103.066 2104.098 2110.563
2259.19 2254.677 2250.383 2245.566 2239.491 2237.235 2226.984 2210.261 2191.173 2186.896 2189.776 2190.85 2189.79 2189.559 2192.608 2189.587 2187.368 2187.582 2180.925 2171.916 2163.766 2172.523 2173.667 2169.102 2159.797 2152.398 2153.585 2153.164 2150.51 2148.336 2144.445 2139.262 2128.559 2114.423 2104.367 2100.267 2095.453 2091.883 2092.559 2093.772 2093.519 2092.194 2092.194 2092.194 2092.194 2092.194 2092.194 2092.194 2092.194 2092.194 2092.336 2091.988 2090.675 2093.465 2096.477 2101.817 2109.633 2114.385 2115.748 2116.185 2114.379 2115.39 2121.51
2259.167 2259.075 2257.45 2254.504 2250.985 2248.29 2239.497 2220.176 2195.474 2181.974 2177.038 2176.905 2179.508 2183.881 2186.234 2180.36 2173.133 2170.12 2163.209 2158.491 2154.899 2164.313 2168.655 2165.715 2156.487 2147.019 2149.981 2152.393 2151.511 2149.893 2148.045 2145.874 2138.9 2130.62 2123.728 2118.308 2109.183 2095.61 2092.463 2092.194 2092.194 2092.194 2092.194 2092.194 2092.194 2092.194 2092.194 2092.194 2092.194 2092.656 2094.091 2093.9 2093.961 2099.98 2105.104 2107.913 2112.284 2117.29 2123.426 2128.169 2128.508 2129.911 2132.244
2258.449 2260.037 2259.83 2258.106 2255.9 2249.012 2240.852 2223.538 2200.035 2185.225 2172.483 2165.136 2171.161 2180.513 2179.269 2170.825 2160.097 2153.315 2149.804 2148.117 2148.789 2158.811 2164.724 2162.419 2153.391 2142.994 2146.674 2150.971 2151.066 2149.28 2146.031 2141.136 2135.701 2133.149 2133.91 2133.485 2127.353 2105.908 2095.274 2092.383 2092.194 2092.194 2092.194 2092.194 2092.194 2092.194 2092.194 2092.194 2092.464 2095.33 2097.626 2099.495 2104.459 2107.581 2109.252 2108.362 2109.081 2114.511 2123.579 2131.992 2137.185 2142.204 2140.465
