QGeoWEPP-demo/Example_Data/BAER/dem.asc
ncols         361
nrows         464
xllcorner     467536.240419
yllcorner     4330678.455023
cellsize      30
NODATA_value  -9999
[rows 56 to 83 of 464, columns 252 to 314 of 361]
2153.592 2153.948 2151.51 2148.62 2145.432 2148.925 2155.126 2160.483 2164.592 2166.134 2162.533 2154.868 2149.278 2148.365 2151.505 2156.881 2162.902 2174.47 2176.7 2178.025 2183.198 2191.09 2200.807 2207.651 2212.324 2217.415 2220.877 2223.696 2227.88 2234.392 2243.069 2250.173 2256.369 2260.652 2267.66 2279.43 2294.87 2309.808 2323.082 2332.02 2339.733 2351.05 2359.381 2364.265 2363.897 2357.325 2348.048 2342.556 2338.741 2334.73 2334.096 2334.373 2334.593 2332.695 2329.582 2324.613 2316.944 2310.226 2303.149 2295.814 2286.634 2273.23 2256.261
2159.515 2161.364 2159.518 2154.763 2149.713 2151.15 2154.669 2159.925 2166.309 2171.301 2167.406 2159.495 2155.33 2153.204 2154.906 2160.413 2166.989 2179.526 2185.21 2185.773 2184.484 2186.884 2195.338 2200.788 2206.281 2210.898 2216.311 2219.763 2225 2233.93 2243.908 2250.565 2256.221 2260.353 2268.682 2281.37 2298.536 2316.087 2331.616 2343.292 2350.55 2355.357 2362.224 2368.223 2370.882 2367.999 2362.502 2357.294 2353.592 2350.611 2349.664 2350.871 2351.249 2348.421 2342.504 2335.13 2324.466 2314.768 2305.564 2296.177 2284.778 2267.738 2252.48
2166.968 2168.746 2166.378 2160.089 2154.42 2155.686 2156.99 2161.536 2167.679 2172.333 2170.608 2164.591 2161.169 2157.467 2157.896 2162.618 2169.271 2178.697 2186.731 2191.664 2192.128 2190.464 2194.439 2198.126 2204.228 2208.492 2213.523 2217.943 2222.322 2231.986 2240.54 2247.536 2254.053 2260.636 2270.057 2283.695 2301.659 2319.299 2335.537 2349.771 2359.776 2364.15 2367.193 2370.872 2374.468 2376.32 2375.032 2370.334 2365.778 2364.146 2366.118 2369.833 2370.596 2365.205 2356.115 2343.809 2327.363 2314.282 2299.29 2287.216 2275.162 2260.119 2246.516
2175.961 2175.975 2171.656 2164.265 2158.173 2156.99 2158.086 2161.435 2167.688 2171.885 2172.409 2169.953 2166.633 2160.224 2158.752 2162.39 2167.498 2174.636 2185.981 2196.295 2201.615 2201.229 2200.981 2205.036 2209.203 2213.954 2217.724 2221.091 2223.998 2230.303 2236.61 2245.015 2254.115 2262.359 2271.894 2284.617 2302.434 2320.08 2337.137 2353.357 2365.858 2373.1 2376.231 2378.302 2378.866 2380.927 2382.096 2380.763 2378.494 2379.647 2383.618 2386.16 2384.848 2378.29 2366.953 2348.906 2327.649 2312.555 2290.982 2274.809 2263.149 2251.617 2238.261
2184.5 2181.542 2175.164 2167.225 2160.054 2158.618 2159.139 2161.064 2167.233 2170.826 2172.897 2173.223 2170.204 2163.121 2160.454 2162.674 2167.186 2171.991 2184.52 2197.588 2206.365 2205.546 2205.379 2209.871 2213.781 2219.055 2223.198 2226.353 2230.208 2233.377 2238.433 2244.717 2251.91 2259.977 2271.193 2284.191 2300.637 2318.13 2334.963 2353.272 2368.24 2380.325 2388.839 2390.894 2387.136 2380.801 2380.449 2383.692 2388.375 2395.896 2402.488 2403.584 2396.438 2384.204 2370.311 2351.25 2328.308 2311.748 2287.308 2266.526 2253.051 2241.956 2226.587
2192.088 2185.561 2177.727 2170.22 2163.921 2162.556 2162.348 2163.167 2166.821 2169.342 2171.792 2174.108 2171.744 2167.789 2164.333 2165.946 2168.694 2172.929 2184.188 2194.569 2200.991 2200.985 2204.391 2209.415 2214.138 2219.136 2223.256 2229.291 2234.859 2239.893 2244.062 2246.506 2250.895 2256.732 2267.76 2281.098 2296.187 2312.744 2329.59 2349.685 2366.814 2382.592 2396.063 2400.434 2390.622 2377.61 2371.278 2375.484 2386.008 2398.828 2407.39 2408.462 2399.022 2384.318 2370.933 2353.874 2331.821 2313.054 2289.001 2266.557 2248.154 2232.179 2212.465
2197.127 2188.261 2178.944 2171.939 2169.739 2169.617 2167.906 2166.612 2166.791 2168.702 2171.784 2174.323 2173.115 2170.781 2167.632 2168.982 2171.059 2174.084 2182.9 2190.45 2195.504 2197.203 2203.054 2208.116 2212.188 2216.168 2221.07 2229.378 2235.169 2240.862 2244.493 2247.589 2252.064 2256.518 2264.761 2277.638 2293.606 2308.793 2325.878 2346.652 2365.877 2378.151 2388.275 2391.962 2384.027 2371.469 2360.699 2363.461 2373.982 2383.664 2391.917 2394.236 2390.722 2382.632 2371.627 2356.863 2337.385 2317.149 2293.455 2271.198 2250.396 2230.344 2208.359
2199.682 2189.22 2180.872 2176.752 2177.507 2178.313 2174.288 2170.54 2169.311 2169.537 2172.316 2174.718 2173.423 2170.87 2169.127 2170.216 2173.359 2177.322 2184.035 2191.687 2198.948 2204.169 2205.399 2207.97 2210.688 2215.338 2219.165 2225.085 2232.214 2235.31 2240.031 2245.954 2252.228 2257.567 2265.321 2277.645 2294.497 2309.499 2327.421 2347.216 2362.629 2369.824 2373.719 2375.365 2372.735 2363.027 2351.492 2349.622 2356.991 2362.068 2368.329 2373.603 2373.571 2373.508 2367.158 2356.45 2341.16 2321.719 2299.163 2276.521 2255.381 2233.192 2210.021
2201.499 2191.094 2187.118 2188.459 2190.088 2187.157 2181.181 2175.589 2172.153 2172.089 2174.665 2176.875 2174.535 2172.558 2171.234 2171.266 2174.323 2179.23 2186.016 2194.007 2201.291 2207.327 2205.685 2206.4 2209.887 2216.587 2219.597 2222.636 2228.635 2230.806 2237.515 2245.377 2251.771 2258.71 2268.269 2280.821 2294.341 2309.346 2327.862 2345.878 2355.869 2357.845 2358.939 2359.957 2358.739 2352.365 2342.032 2333.563 2336.494 2342.153 2348.089 2354.369 2355.639 2355.669 2351.539 2345.306 2336.139 2322.049 2302.142 2280.374 2260.315 2237.396 2213.464
2202.741 2198.021 2197.817 2199.125 2198.625 2193.371 2186.682 2180.634 2176.708 2176.235 2178.698 2180.617 2177.648 2175.615 2173.597 2173.047 2175.021 2178.646 2183.462 2190.683 2197.921 2200.734 2202.832 2206.257 2211.318 2218.362 2222.745 2226.408 2230.164 2231.619 2236.272 2244.035 2251.368 2260.461 2272.014 2285.05 2296.866 2311.136 2329.52 2344.621 2348.687 2345.767 2345.14 2345.958 2345.476 2341.189 2333.006 2322.264 2318.312 2321.888 2325.156 2329.256 2330.746 2329.366 2327.082 2324.643 2321.903 2313.275 2296.995 2279.371 2261.275 2240.452 2218.765
2207.453 2209.554 2208.734 2206.888 2202.368 2195.373 2187.774 2182.642 2180.799 2180.325 2182.507 2183.926 2181.691 2179.535 2178.644 2177.287 2178.143 2178.8 2180.552 2184.919 2192.856 2195.935 2202.048 2207.787 2212.042 2218.308 2223.286 2228.398 2234.44 2238.639 2241.154 2246.199 2253.393 2263.406 2275.69 2288.954 2302.852 2317.065 2336.046 2345.781 2342.873 2336.116 2333.275 2333.304 2333.047 2331.519 2326.601 2317.743 2306.455 2300.177 2302.532 2305.628 2307.525 2307.846 2308.622 2308.901 2307.426 2298.554 2285.568 2271.2 2257.357 2240.238 2220.146
2218.287 2219.293 2215.406 2209.689 2203.041 2194.718 2189.245 2185.234 2183.631 2182.56 2184.507 2185.059 2182.547 2183.133 2183.421 2181.763 2181.375 2180.86 2181.44 2184.708 2190.703 2195.931 2203.246 2209.458 2212.703 2216.283 2221.221 2228.125 2234.981 2243.511 2246.706 2249.914 2255.816 2266.223 2279.59 2293.039 2308.492 2323.838 2343.271 2346.944 2339.572 2329.97 2323.443 2322.142 2324.14 2324.349 2322.852 2317.99 2305.883 2291.919 2285.102 2283.588 2285.728 2286.791 2288.066 2288.418 2286.985 2280.113 2269.665 2257.804 2246.536 2235.011 2214.337
2226.569 2221.812 2216.549 2209.3 2203.226 2197 2192.791 2189.307 2186.582 2185.729 2186.929 2185.859 2183.938 2185.871 2186.209 2184.053 2182.863 2182.91 2183.845 2186.983 2192.14 2197.094 2202.534 2206.887 2209.628 2216.105 2221.188 2227.121 2232.769 2240.19 2245.796 2250.661 2257.414 2267.436 2281.802 2297.002 2313.298 2329.074 2345.083 2346.189 2338.172 2327.712 2318.505 2313.903 2314.672 2316.524 2318.96 2319.802 2311.531 2295.323 2281.113 2269.888 2267.365 2268.211 2268.635 2268.558 2266.525 2259.887 2251.052 2239.278 2229.106 2219.212 2201.391
2230.59 2223.903 2218.028 2211.414 2205.563 2198.577 2194.013 2191.431 2189.664 2190.015 2192.024 2190.49 2189.275 2190.438 2189.485 2188.101 2188.24 2188.878 2189.458 2189.995 2193.537 2197.761 2201.344 2204.902 2209.496 2217.406 2222.676 2228.209 2232.806 2235.84 2242.845 2248.801 2255.991 2264.199 2279.509 2296.591 2316.157 2329.656 2341.138 2342.994 2336.412 2325.99 2316.785 2308.863 2305.951 2307.52 2315.008 2320.315 2315.531 2299.927 2282.634 2266.134 2256.765 2254.736 2254.995 2254.172 2251.048 2243.786 2235.637 2223.411 2210.545 2199.687 2185.562
2233.35 2226.532 2219.352 2211.465 2205.502 2199.032 2195.487 2193.213 2192.936 2193.479 2195.615 2194.398 2194.075 2195.137 2193.008 2192.548 2193.578 2195.129 2195.091 2193.472 2192.711 2196.623 2202.146 2205.678 2208.489 2215.48 2221.812 2228.973 2234.67 2239.839 2245.488 2250.354 2256.05 2261.279 2273.352 2290.767 2310.943 2323.781 2333.932 2340.091 2336.268 2327.067 2317.913 2308.358 2301.573 2301.975 2311.131 2318.213 2316.291 2300.23 2281.418 2262.656 2248.799 2245.324 2245.692 2245.072 2241.447 2233.167 2222.778 2210.677 2199.23 2189.328 2179.674
2231.558 2223.758 2217.071 2209.995 2206.672 2202.531 2198.657 2196.117 2194.608 2196.199 2196.99 2195.743 2196.328 2197.25 2196.087 2196.433 2197.548 2198.799 2197.792 2194.685 2192.834 2197.528 2206.665 2212.2 2215.052 2216.941 2221.976 2228.271 2233.616 2243.131 2249.193 2254.826 2259.453 2264.527 2273.731 2288.852 2306.785 2319.377 2330.922 2342.186 2340.653 2330.962 2320.415 2309.266 2299.571 2295.89 2304.823 2312.772 2311.573 2294.766 2276.095 2257.699 2243.822 2237.51 2238.772 2238.701 2236.398 2229.749 2220.267 2209.772 2199.65 2190.95 2182.512
2227.247 2219.652 2216.375 2213.005 2209.252 2205.826 2202.306 2199.208 2196.668 2198.191 2198.789 2198.724 2199.683 2199.647 2199.403 2200.998 2201.463 2201.379 2198.593 2195.559 2195.005 2202.249 2212.444 2219.683 2222.239 2221.569 2226.848 2232.127 2236.354 2242.212 2249.462 2256.485 2261.247 2269.941 2281.727 2295.949 2311.889 2322.632 2334.45 2345.75 2345.562 2335.834 2323.231 2309.329 2296.805 2289.787 2296.006 2304.093 2305.145 2293.728 2276.08 2258.776 2242.196 2232.372 2233.002 2233.587 2232.658 2228.557 2223.4 2216.293 2205.304 2195.966 2185.777
2226.528 2222.343 2220.616 2218.207 2212.697 2207.39 2205.563 2203.084 2201.076 2202.229 2202.916 2202.512 2202.208 2202.74 2203.086 2204.879 2205.572 2204.763 2200.046 2195.936 2195.469 2206.278 2218.232 2225.497 2229.496 2228.181 2231.923 2238.8 2242.719 2245.273 2250.051 2255.8 2261.43 2271.967 2286.486 2302.299 2317.607 2328.573 2340.978 2348.822 2348.113 2339.053 2324.493 2308.39 2293.513 2283.973 2286.031 2293.316 2295.258 2290.32 2277.129 2260.522 2239.686 2225.351 2224.309 2226.851 2227.692 2225.862 2224.29 2219.007 2206.293 2196.395 2184.553
2231.298 2228.896 2225.247 2220.889 2215.41 2210.629 2207.744 2206.332 2204.101 2206.384 2206.257 2204.754 2204.975 2205.134 2205.676 2207.421 2208.365 2207.338 2200.404 2194.207 2194.002 2205.475 2218.901 2227.369 2233.075 2234.347 2237.275 2242.806 2246.76 2249.809 2253.895 2258.602 2262.741 2270.171 2283.17 2300.521 2319.136 2331.159 2344.146 2351.942 2345.848 2335.607 2321.466 2307.171 2291.706 2276.923 2275.024 2282.348 2284.437 2282.343 2272.244 2257.36 2234.66 2218.122 2216.183 2219.327 2222.191 2222.912 2222.862 2217.362 2203.145 2191.871 2176.632
2235.369 2232.043 2226.148 2220.866 2218.276 2214.133 2209.827 2207.414 2207.485 2210.104 2208.608 2206.523 2207.23 2207.668 2207.579 2208.896 2209.883 2207.542 2199.04 2191.903 2192.334 2201.915 2213.102 2226.297 2234.047 2235.055 2237.078 2242.896 2247.11 2252.033 2256.966 2262.335 2266.736 2272.152 2282.482 2297.698 2316.46 2329.629 2341.288 2346.582 2337.949 2327.407 2314.367 2300.384 2285.226 2269.78 2263.181 2269.119 2272.134 2269.831 2259.34 2246.125 2227.218 2210.667 2207.601 2211.3 2214.607 2217.027 2217.79 2212.173 2198.481 2185.739 2166.521
2236.659 2231.334 2228.466 2225.473 2222.003 2218.096 2214.176 2212.458 2213.288 2214.022 2211.232 2209.13 2210.561 2210.709 2210.08 2209.704 2208.609 2204.423 2195.367 2185.296 2186.77 2195.906 2209.952 2224.513 2230.982 2230.551 2235.03 2243.422 2247.779 2253.433 2259.121 2265.317 2272.151 2278.715 2287.77 2300.112 2313.926 2325.601 2336.159 2339.381 2329.685 2317.673 2304.315 2288.716 2274.452 2261.001 2252.337 2255.629 2259.373 2254.051 2243.894 2232.926 2218.874 2203.752 2197.729 2201.88 2205.153 2208.383 2209.136 2205.32 2195.24 2180.47 2158.769
2238.374 2234.547 2233.058 2230.309 2224.363 2219.652 2217.717 2218.13 2219.503 2217.627 2215.609 2213.954 2214.519 2213.114 2211.299 2209.921 2207.068 2199.876 2189.849 2180.878 2183.696 2192.561 2205.789 2217.094 2221.601 2224.46 2233.355 2240.843 2244.895 2251.976 2259.265 2267.116 2276.309 2283.979 2291.618 2301.571 2311.047 2319.903 2331.056 2333.653 2322.141 2308.285 2294.773 2278.591 2263.523 2249.935 2241.331 2242.871 2245.47 2241.255 2232.986 2221.753 2209.461 2195.486 2186.836 2190.347 2194.625 2198.925 2200.672 2198.334 2192.347 2174.103 2152.05
2242.906 2240.685 2236.155 2232.284 2227.133 2221.971 2222.559 2223.614 2223.478 2220.834 2219.537 2217.665 2215.845 2213.075 2209.866 2208.492 2204.736 2197.597 2188.135 2180.981 2183.181 2191.021 2200.139 2207.409 2213.245 2220.875 2228.378 2235.081 2244.148 2251.897 2260.163 2268.512 2278.86 2285.859 2292.728 2299.342 2304.755 2312.424 2323.65 2326.857 2315.629 2300.802 2286.94 2272.112 2255.997 2240.123 2231.985 2231.715 2232.974 2231.108 2225.928 2216.017 2202.28 2187.751 2175.745 2176.044 2180.767 2187.112 2190.046 2189.11 2185.678 2165.876 2144.486
2246.712 2243.202 2237.185 2232.127 2229.248 2228.247 2229.77 2229.3 2226.504 2223.635 2220.868 2217.974 2214.534 2210.414 2207.219 2205.303 2201.869 2195.723 2186.476 2179.991 2180.465 2186.573 2192.683 2199.541 2210.006 2215.991 2222.522 2233.175 2242.484 2249.459 2259.141 2268.2 2277.654 2283.437 2288.268 2290.702 2292.607 2302.981 2314.427 2317.973 2308.413 2293.182 2278.741 2265.142 2249.697 2233.883 2223.267 2221.789 2221.859 2221.798 2219.717 2211.987 2197.894 2184.504 2169.47 2162.565 2165.957 2173.73 2177.296 2178.043 2175.532 2156.917 2136.256
2246.072 2242.875 2237.666 2232.697 2232.55 2234.582 2234.825 2232.107 2228.178 2224.949 2220.479 2216.36 2210.479 2207.343 2205.304 2202.551 2198.842 2193.28 2184.752 2177.668 2175.497 2179.31 2187.722 2196.714 2205.53 2209.207 2216.776 2227.355 2235.404 2244.584 2255.911 2265.621 2272.583 2275.801 2278.19 2279.673 2283.721 2294.799 2306.317 2309.661 2301.618 2285.542 2270.02 2256.547 2241.413 2227.372 2214.431 2211.554 2211.323 2211.404 2211.635 2207.005 2194.278 2183.746 2168.9 2156.975 2154.423 2159.624 2163.546 2166.954 2164.263 2145.478 2129.718
2249.061 2245.138 2241.068 2238.075 2238.471 2240.474 2238.103 2232.368 2229.954 2227.046 2221.857 2216.996 2210.323 2206.702 2204.176 2201.126 2197.574 2191.504 2183.056 2175.104 2170.094 2172.514 2182.536 2191.475 2198.004 2205.623 2215.247 2226.052 2235.615 2245.236 2255 2261.032 2262.739 2265.518 2269.657 2274.802 2282.188 2291.443 2300.494 2303.151 2296.935 2281.438 2266.228 2252.214 2234.176 2219.517 2206.508 2200.446 2200.43 2200.83 2202.458 2200.373 2191.179 2182.91 2170.161 2157.454 2147.456 2147.086 2150.741 2155.483 2151.495 2134.507 2124.678
2253.042 2247.707 2243.808 2242.862 2243.537 2244.614 2241.707 2236.198 2233.743 2230.786 2225.609 2219.625 2212.464 2207.556 2204.674 2202.364 2198.771 2193.418 2185.16 2175.732 2166.516 2167.559 2175.293 2186.066 2196.989 2207.333 2218.092 2229.893 2239.386 2246.792 2252.373 2254.526 2255.381 2260.03 2267.86 2276.763 2284.831 2292.45 2297.349 2297.938 2293.855 2281.044 2267.118 2253.616 2233.732 2217.135 2204.341 2195.346 2193.628 2192.948 2193.764 2192.546 2187.371 2180.958 2170.562 2158.501 2145.12 2138.223 2139.587 2141.784 2136.172 2124.594 2115.588
2255.042 2250.156 2245.677 2245.667 2247.58 2247.108 2244.666 2240.296 2236.231 2233.13 2227.552 2219.682 2212.044 2207.247 2206.957 2206.51 2202.913 2196.443 2189.12 2179.582 2166.872 2164.603 2170.591 2184.311 2197.867 2206.21 2216.838 2228.054 2236.481 2244.066 2245.865 2247.676 2254.317 2261.537 2271.418 2281.703 2289.048 2294.073 2294.328 2292.375 2289.699 2281.027 2268.861 2255.833 2237.19 2219.614 2206.011 2196.421 2192.183 2188.415 2185.984 2184.557 2180.791 2175.203 2167.45 2157.534 2143.937 2133.595 2130.832 2128.69 2123.227 2116.789 2109.493
