QGeoWEPP-demo/Example_Data/Agriculture/dem.asc
ncols         707
nrows         463
xllcorner     500000
yllcorner     4469379.89
cellsize      30
NODATA_value  -9999
[rows 364 to 391 of 463, columns 640 to 703 of 707]
179.4176 179.5971 179.9012 180.4832 181.1397 181.162 180.8915 180.8039 180.4302 180.3469 180.3712 180.3722 180.2034 179.8547 179.5689 179.7907 180.8273 181.0723 179.6976 180.9283 181.9101 183.0308 184.2695 185.7381 186.8675 188.0782 190.0271 195.0839 200.3394 204.3385 205.9327 207.5556 208.8763 209.7707 210.1575 209.3911 208.3287 207.9038 207.408 207.0276 206.8324 206.3936 206.0531 205.9061 205.7976 205.0499 204.7091 203.9318 203.897 203.897 203.897 203.8282 203.5374 203.7734 203.8107 203.7964 203.6675 203.5911 203.7069 204.6561 204.7762 204.173 203.9527 204.0888
180.0364 180.3447 179.863 179.1877 179.752 179.897 179.897 179.897 179.897 179.897 179.897 179.856 179.6225 179.8023 180.0655 181.6659 183.2696 182.8737 180.4942 180.6104 181.3256 182.7184 183.4131 184.9514 186.1964 187.8797 189.6277 194.8427 200.2049 204.7914 206.724 208.1896 209.4352 210.4506 210.4838 209.7311 208.6855 207.9467 207.7173 207.3492 206.897 206.8058 206.4091 206.0062 205.8182 205.0551 204.729 203.999 203.9133 203.897 203.897 203.8968 203.8898 203.8826 203.9014 203.9057 203.819 203.8138 204.1053 204.7973 204.8918 204.313 204.0744 204.1699
181.0398 181.2599 180.4883 179.6405 179.8413 179.897 179.897 179.897 179.9131 179.9503 179.9049 179.8622 179.7238 180.4261 182.1816 184.2314 185.0493 183.8159 181.753 181.6949 181.7724 182.3762 182.556 183.3195 184.3203 187.1021 189.7959 195.4191 200.9851 205.0451 206.2574 207.4736 208.2019 209.0064 209.4044 209.0521 208.2039 207.5263 207.4592 207.5778 206.897 206.897 206.7779 206.2719 205.8657 205.0578 204.8129 204.3101 203.9738 203.897 203.897 203.8968 203.9075 204.0426 204.2876 204.3294 204.2829 204.2865 204.6639 204.9204 204.9378 204.4025 204.1433 204.2168
182.3067 182.2587 181.4091 180.4127 180.0453 179.9281 179.9667 179.9802 180.0655 180.2702 180.0231 180.031 180.6743 182.0968 184.7138 185.8448 186.0703 185.0906 184.0448 183.554 182.784 182.5272 182.5135 182.4215 182.6584 185.5694 190.0446 196.5984 201.9046 204.3 204.8163 205.5157 205.8699 205.9446 207.3035 207.6154 207.2394 206.8651 206.8954 207.1375 206.8061 206.7805 206.6096 206.2471 205.7758 205.0426 204.8739 204.656 204.0196 203.897 203.897 203.9134 204.0389 204.4189 204.8092 204.8884 204.7985 204.7368 204.7671 204.9544 204.768 204.4093 204.1839 204.2598
182.7366 182.6921 181.8417 180.8584 180.4952 180.1749 180.4262 180.5077 180.5565 180.7474 180.5899 180.6518 181.8051 183.8536 186.2829 186.5164 186.7266 186.5274 186.2982 185.4588 184.2593 183.6662 183.6242 183.3902 182.8367 184.4921 189.8314 196.6332 201.3966 202.7248 203.0888 203.2316 202.5813 202.9464 205.2403 206.068 206.1938 206.246 206.2192 206.1951 206.2905 206.1653 205.7175 205.3971 205.3331 204.9691 204.7785 204.3316 203.9569 203.897 203.9218 204.062 204.4121 204.8115 204.8723 204.9112 204.8394 204.8047 204.8531 204.9715 204.5302 204.3768 204.224 204.308
182.5706 182.6032 181.7957 180.9377 180.846 180.6702 180.8457 180.9064 180.9488 181.0734 181.462 181.6092 182.7652 184.6297 186.3546 186.8267 186.9534 186.9655 186.8789 186.404 185.5908 185.1798 185.1498 184.6177 183.1941 184.1226 189.2959 194.6877 198.6467 200.4182 200.8786 200.7738 199.3945 200.8169 203.1791 204.1052 204.4303 205.0201 205.0536 204.7396 205.2628 205.0842 204.6114 204.8435 204.897 204.8774 204.6268 203.9374 203.897 203.897 204.0254 204.499 204.8223 204.9039 204.8815 204.9316 204.8827 204.8688 204.9372 205.0399 204.5678 204.3985 204.2645 204.3525
181.3032 181.5143 181.2133 180.9108 180.897 180.897 180.9042 181.0384 181.4531 181.6042 181.8689 182.0244 183.321 185.3503 186.5777 186.9586 187.4133 187.5038 187.4182 186.826 186.2432 186.4609 186.4728 185.2727 183.0452 183.8043 187.3715 189.9993 193.1302 196.5417 197.3677 197.4295 195.2708 197.5481 199.7105 199.9379 200.69 202.9209 203.4401 202.6627 204.1662 204.1003 204.0968 204.7028 204.7518 204.6985 204.3145 203.9173 203.897 203.897 204.1136 204.897 204.8985 204.9037 204.8869 204.9552 204.9225 204.9271 204.997 205.089 204.5976 204.4294 204.3042 204.3806
180.141 180.2531 180.389 180.847 180.8943 180.9021 181.0267 181.6513 181.832 181.9032 182.0233 182.5649 184.0205 186.1387 186.9778 187.5104 187.8308 187.9255 187.7262 187.0292 186.7005 186.8641 186.8172 185.4012 183.2372 183.4339 185.1168 185.7081 187.942 191.4573 192.6653 192.457 190.0132 191.9659 194.2151 193.9917 195.4622 198.9806 200.4608 200.1506 202.758 202.8075 203.3717 203.9921 203.8046 204.08 203.953 203.897 203.897 203.897 204.114 204.897 204.9013 204.8853 204.8912 204.9773 204.9575 204.9692 205.0328 205.12 204.6312 204.4676 204.3462 204.399
179.8977 179.8972 179.9767 180.242 180.815 181.0382 181.5542 181.8982 181.908 182.0403 182.5845 183.0739 185.212 186.6225 187.0803 187.7636 188.045 188.3397 187.8518 187.6166 187.3896 186.9908 186.8594 185.894 184.7618 183.8793 184.1562 184.306 185.5567 187.8178 188.7222 188.2924 186.2905 186.7148 187.9941 187.9745 189.947 193.5617 196.3888 198.6116 201.7114 201.4171 202.1585 202.5053 202.3134 203.1928 203.7937 203.897 203.897 203.9115 204.1607 204.8971 204.9029 204.889 204.9028 204.9982 204.9837 204.9739 204.9699 205.0717 204.6525 204.5087 204.3912 204.4292
179.9582 179.7619 179.4491 179.9231 180.2902 181.4276 181.8467 181.9792 182.5312 182.6413 183.1353 184.9736 185.9162 186.8611 187.6532 187.9406 188.5389 188.7804 188.5218 187.9797 187.8109 187.6194 187.5969 187.2969 186.9171 186.112 185.4347 184.8276 185.2195 186.3156 186.534 186.411 185.8652 186.2155 185.5152 185.6726 186.8546 190.0328 195.2692 199.4319 200.7714 199.6662 200.8241 201.0211 200.7023 202.2866 203.5999 203.894 203.9043 204.045 204.4784 204.8971 204.8976 204.8842 204.915 205.018 204.9833 204.8251 204.4725 204.6339 204.59 204.5478 204.4386 204.444
180.6578 179.9173 179.7117 180.1094 181.9289 181.8621 181.9946 182.7866 183.4726 183.6813 184.5354 185.7354 186.5655 187.0361 187.9193 188.5959 189.1046 189.7452 188.0763 187.9533 187.8964 187.8959 187.9513 188.4821 189.1295 191.7113 190.7208 187.9769 187.5607 187.2336 186.1668 186.3859 187.9277 188.7341 187.0188 185.9516 185.8628 189.1933 195.2537 199.3694 199.0113 197.9978 199.064 198.8842 198.7769 201.1982 203.0384 203.8177 203.9308 204.3206 204.408 204.8495 204.8841 204.8632 204.9239 205.0258 204.8427 204.3873 204.0695 204.2989 204.5299 204.5718 204.4952 204.4856
180.8089 180.0205 179.8836 180.2363 182.439 182.0433 182.0517 182.9893 183.7714 184.0822 184.9043 185.8167 186.2719 186.9821 187.9579 188.8776 189.8966 190.7621 188.6852 188.6268 188.4292 188.0612 188.7261 191.1304 195.557 199.3176 196.408 192.7272 191.6409 191.6449 191.6594 191.2035 191.061 190.5816 189.0628 187.2203 186.165 188.5685 194.0297 196.9942 195.9715 196.5035 197.3092 197.3694 197.9628 199.8718 202.0549 203.1515 203.3248 203.9614 203.975 204.181 204.6311 204.4994 204.8423 204.9503 204.3687 204.0431 204.0378 204.2917 204.522 204.5794 204.5386 204.4359
180.8204 180.024 179.897 180.0905 181.2647 181.867 182.0509 182.9394 183.2475 184.0113 184.9096 185.871 186.5992 187.0292 187.95 189.3261 192.7955 195.4424 196.366 192.3557 189.4709 187.4796 187.5944 192.3812 197.3856 199.3124 199.136 197.0258 196.9785 197.5821 197.2328 195.9137 193.32 191.0472 189.7563 188.2592 186.2739 187.3963 190.6538 193.3314 195.8011 196.6513 197.3987 197.7671 198.6986 200.8201 201.9371 202.8502 202.9387 203.0188 202.6288 202.5255 203.4048 203.9439 204.2392 204.3197 204.0575 203.9721 204.0207 204.272 204.4492 204.5415 204.4648 204.0311
180.8221 180.018 179.897 180 180.9792 181.9019 182.5654 182.9013 183.0948 183.9596 184.9002 185.9007 186.7626 187.0741 187.9395 189.177 191.8882 194.0397 194.453 191.3051 188.1701 186.2954 185.5536 188.3145 192.4476 195.9196 198.9888 199.8518 200.1259 200.3206 199.4359 197.7254 193.9328 191.1805 190.3097 188.8031 187.632 188.8484 192.5232 196.0183 198.9866 199.1477 199.7217 200.3832 202.6028 203.6514 203.9597 204.2441 203.5173 201.9227 200.1818 199.9642 202.1686 203.6208 203.9411 204.0416 203.9932 203.9617 203.9974 204.2323 204.4614 204.4398 203.8342 203.8101
180.8468 180.0084 179.897 179.9832 181.0576 182.3995 182.7494 182.1166 182.3514 183.2929 184.1695 185.132 186.091 186.3005 186.4022 186.8446 188.8528 189.4809 188.3387 187.184 185.9258 185.1868 184.9841 185.7089 187.9323 191.4286 196.57 199.2625 200.1435 200.7643 199.8018 197.9133 193.4864 191.1098 190.4831 189.0126 188.1333 190.0007 193.5908 195.6635 196.7863 197.6932 198.4062 199.6517 201.4649 203.9908 204.7553 204.7268 203.6566 201.0001 198.8951 199.9515 201.9199 203.5591 203.9348 204.0376 203.9938 203.9537 203.8888 203.5634 203.7776 203.7917 203.6432 203.8003
180.8553 179.998 179.897 179.9303 180.3805 181.944 182.1582 181.9126 182.1089 182.8753 183.2027 183.4081 184.3022 184.0406 183.7899 185.9382 186.5646 186.5442 185.4109 185.1515 184.4801 184.2561 184.8732 185.0106 185.7112 187.1655 190.1283 194.8125 196.8509 196.8498 196.1379 194.9095 191.8208 191.0204 191.1386 189.6003 188.2378 190.034 192.3699 193.5787 194.4084 194.8326 195.8356 196.8414 197.8231 200.2955 201.4635 201.6875 200.6853 198.7378 197.3194 199.3391 201.8031 203.1349 203.8522 204.0311 203.985 203.8239 203.1862 203.2301 203.403 203.5107 203.5583 203.1633
181.5943 180.5267 179.9911 179.9016 180.0829 181.2378 181.8328 181.8972 182.0839 182.7722 182.9234 182.939 183.1693 183.0648 183.0747 184.3189 184.6367 184.5474 184.1457 184.146 183.9993 183.9651 184.1507 184.8465 185.0287 185.3224 186.5974 188.6387 190.2904 190.4288 189.6317 188.9791 188.9691 191.074 193.7876 191.7131 188.9376 188.5947 190.6822 192.0896 192.3668 192.5419 192.9847 193.018 192.4458 194.9285 196.6049 197.0301 196.1386 196.5792 198.7285 201.3591 202.4669 202.9243 203.1707 203.2385 203.2686 203.1897 202.9628 203.1441 203.3501 203.3525 202.766 202.8637
181.8266 180.7485 180.0439 179.897 180.0328 181.0128 181.8221 182.6418 182.6631 182.8402 182.897 182.8983 182.9151 182.8134 182.2764 183.1459 183.3251 183.2915 183.141 183.1951 183.2587 183.2501 183.9065 184.1726 184.3548 184.8958 185.2581 186.2232 186.7511 186.6432 186.5214 186.4132 186.7433 188.9014 194.8262 193.6956 190.5741 188.8463 189.3241 189.8558 190.3199 189.7962 190.0003 189.7833 189.4792 190.1302 190.5324 190.8393 193.96 198.4182 201.0762 203.4047 203.4302 202.9946 202.9456 203.0337 202.978 202.9228 202.9057 203.0378 202.7056 202.6396 202.5477 202.6257
182.5529 181.4093 180.5746 179.9478 179.9409 180.5682 181.7727 182.8779 182.8808 182.8884 182.897 182.897 182.7636 182.2963 181.9615 182.1716 182.3012 182.2831 182.1584 182.338 182.8558 182.9613 183.1343 183.3843 183.9111 184.1846 184.9263 185.2222 185.2996 185.1718 185.2149 185.4033 185.966 186.5342 189.9348 192.1696 191.5488 189.6441 189.0069 189.0388 189.1597 189.8075 190.2379 190.3734 190.4736 190.0628 189.0026 189.0108 196.817 200.3854 202.9863 204.5279 203.7345 203.0476 202.9274 203.0134 202.9386 202.8737 202.8136 202.3553 202.3593 202.3632 202.4705 202.4702
183.5257 182.475 181.9591 181.2852 179.9141 180.4845 182.2071 182.8917 182.897 182.897 182.8636 182.1788 182.1784 181.9862 181.9042 181.9081 181.9409 181.9368 181.9053 181.9773 182.3493 182.8276 182.9042 183.1304 183.7656 183.9341 184.2495 184.8736 184.9356 184.909 184.9201 185.0083 185.2438 185.9279 187.2679 190.3556 192.3533 191.3059 190.3161 190.3108 191.2391 192.951 193.735 193.7284 193.8463 191.9001 190.5055 191.453 197.9205 201.3857 203.0473 204.0152 203.6234 202.6217 202.7872 202.2281 202.2283 202.1933 202.0464 202.1113 202.2578 202.296 202.3569 201.6341
183.8731 183.3717 182.8136 182.4809 180.6613 181.2845 182.137 182.8847 182.897 182.7899 182.3074 181.9008 181.9208 181.9064 181.8795 181.2957 181.842 181.897 181.897 181.9036 182.0133 182.2371 182.892 182.9766 183.316 183.8472 183.9454 184.3516 184.8045 184.897 184.897 184.9082 184.9607 185.1917 186.1974 188.0735 192.4641 194.4576 192.196 191.8204 194.1163 196.0254 196.5813 196.2733 196.2119 193.6572 191.6281 193.4172 197.2721 199.6352 200.2631 200.0798 200.8595 201.0971 201.9929 202.0285 201.9548 201.8728 201.8102 202.0234 202.0621 201.6804 201.5052 201.1014
183.8946 183.7503 183.4012 182.8918 181.6805 182.262 182.0963 182.8757 182.7681 182.2475 181.9554 181.897 181.897 181.8163 181.2842 180.9529 181.3828 181.8115 181.897 181.897 181.9103 181.9873 182.8936 182.9066 183.0023 183.2092 183.8967 184.0067 184.2827 184.8815 184.897 184.897 184.9046 184.9616 185.8768 186.7976 189.9812 195.6404 194.6311 194.0732 194.9031 197.5882 198.21 198.1786 197.3406 193.3335 192.2214 193.7988 195.4502 196.4411 197.0676 197.3795 196.6463 198.2051 199.0332 199.183 201.7833 201.9638 201.7819 201.8866 201.3276 200.7047 200.4722 199.5303
183.86 183.2864 183.1712 182.9169 182.5759 182.7823 182.618 182.8839 182.2228 181.9524 181.897 181.897 181.897 181.765 180.9973 180.901 181.1357 181.7556 181.897 181.897 181.897 181.9705 182.8959 182.897 182.9098 182.923 183.304 183.8631 184.0399 184.8715 184.897 184.897 184.9407 185.615 185.9897 186.7724 188.3543 193.3677 195.5029 195.5519 196.3257 197.9789 198.7164 198.8069 198.2393 192.5895 192.1883 193.1205 193.5491 194.4083 194.7314 194.6608 194.4225 195.0334 194.7059 194.5806 198.5759 200.0076 200.8855 200.2683 199.2187 198.9597 199.3533 197.8206
183.8311 182.9558 182.897 182.897 182.897 182.897 182.897 182.8945 182.4293 182.0324 181.909 181.897 181.897 181.7687 181.0069 180.8984 181.1111 181.7464 181.897 181.897 181.897 181.9231 182.2827 182.8574 182.8467 182.8671 183.0261 183.8269 183.9375 184.2271 184.8869 184.897 184.9621 185.8957 186.0854 186.7219 186.7464 188.9425 192.2407 193.4463 194.8169 198.0993 199.3118 199.4419 197.895 192.7837 192.0724 192.2148 192.2426 192.6489 192.7234 192.4535 192.5572 192.738 192.4596 192.4339 194.8158 196.986 197.7987 196.8106 196.0003 196.6729 196.8106 196.0855
183.3016 182.9195 182.897 182.9062 182.9146 182.962 182.9133 182.897 182.8301 182.4504 181.9828 181.897 181.897 181.8481 181.5284 180.9158 181.1725 181.7628 181.897 181.897 181.897 181.9107 181.9473 182.8111 182.5471 181.7664 183.0159 183.8154 183.897 183.9082 184.8784 184.897 184.9645 185.897 185.9674 186.1593 185.9832 186.5696 189.0562 190.232 190.6414 195.2898 198.6242 200.1314 199.0649 194.8785 192.3471 191.9376 192.4932 192.1213 192.4778 192.5246 191.2831 191.6236 192.4467 192.7145 192.761 194.0066 194.0386 193.7312 193.8416 194.5576 194.5423 195.3759
182.897 182.9153 182.9765 182.9709 183.4493 183.401 183.0611 182.9103 182.9035 182.7211 182.0648 181.897 181.897 181.897 181.8849 181.4851 181.6079 181.845 181.897 181.897 181.897 181.9557 182.5062 182.6116 181.6705 181.0414 183.0068 183.8093 183.897 183.9093 184.8584 184.8783 184.9229 185.3025 185.8162 185.8246 185.8901 186.0619 187.3869 188.1977 188.3038 191.3066 195.9583 199.0903 200.4364 197.4538 194.8919 193.9785 194.9828 195.8407 195.8729 196.0952 193.9277 193.0733 193.9547 194.2532 191.5873 191.8363 192.0739 192.1888 192.5568 193.1506 193.2 194.4321
182.9356 183.0851 183.4239 183.4742 183.8889 183.8136 183.5533 183.4157 182.9262 182.8241 182.4914 181.9069 181.9088 181.897 181.897 181.897 181.897 181.897 181.897 181.897 181.9231 182.0237 182.8875 182.4219 181.1538 180.9874 182.9948 183.8074 183.897 183.9019 184.3894 184.8109 184.897 184.9137 185.2473 185.3531 185.8338 185.9441 186.4745 187.173 187.8762 189.5501 193.4989 197.742 200.8406 199.1535 197.6 196.9362 197.8724 198.4783 198.4334 198.4429 196.8996 195.9059 196.0754 195.6004 193.7056 193.704 194.2317 193.1478 193.1543 193.3378 193.4924 194.448
183.8941 183.6799 183.9436 183.9572 183.9268 183.9159 183.897 183.8596 182.9763 182.9162 182.8673 182.3874 181.9862 181.9166 181.897 181.897 181.897 181.897 181.897 181.9091 182.0901 182.4516 182.8224 181.6512 181.0012 180.9826 182.9521 183.7721 183.897 183.897 184.0536 184.7174 184.8839 184.897 184.897 185.0702 185.7979 185.9596 186.4772 186.798 187.294 188.8585 192.586 197.2576 200.8847 200.3201 199.506 199.1711 198.9004 199.0798 199.3909 198.8977 198.5041 198.238 197.7453 197.3022 197.5709 197.5575 197.4629 194.5342 195.3809 196.1258 195.7929 196.3302
