QGeoWEPP-demo/Example_Data/Agriculture/dem.asc
ncols         707
nrows         463
xllcorner     500000
yllcorner     4469379.89
cellsize      30
NODATA_value  -9999
[rows 196 to 223 of 463, columns 512 to 575 of 707]
203.897 203.897 203.8103 203.4986 203.7703 203.897 203.897 203.897 203.897 203.897 203.897 203.897 203.8584 203.3217 202.9215 202.7732 202.3488 201.9266 201.897 201.8843 201.7685 201.0018 200.897 200.897 200.8277 200.0701 198.6926 199.9028 200.7361 200.7992 200.8535 200.8748 200.8556 200.8252 200.8735 200.7482 200.4264 200.7657 200.4137 199.9321 199.8401 199.4739 198.7846 197.8311 196.8304 193.5709 192.6774 192.8372 193.7061 196.7614 197.9252 198.6693 198.8916 198.8262 198.1824 197.328 197.7229 199.9784 201.1521 201.7564 201.821 200.9956 200.7474 199.8853
203.8121 203.8401 203.6885 203.099 203.3596 203.8674 203.8822 203.897 203.897 203.897 203.897 203.8721 203.7926 202.9514 202.7768 202.3804 201.897 201.897 201.897 201.8539 201.3997 200.9612 200.8518 200.8227 200.7825 199.9711 197.8942 198.9741 200.1519 200.2042 200.3041 200.3875 200.5429 200.2661 200.3028 200.0774 199.6308 200.5374 200.3499 199.9198 199.897 199.8406 198.8101 197.95 197.3799 196.0871 194.7214 192.5001 191.939 194.8354 197.0998 198.0135 198.7817 198.8853 198.653 197.2492 195.3203 198.6634 199.7719 200.5719 201.3027 201.2035 200.5741 199.3179
203.3171 203.3472 203.2527 202.8461 202.8793 203.467 203.7659 203.7865 203.8267 203.8443 203.8008 203.7154 203.3867 202.9103 202.6353 202.0215 201.897 201.897 201.897 201.8453 201.3362 200.9607 200.701 199.9029 199.7811 198.9709 196.9815 198.4872 199.2576 199.2926 199.3006 199.3774 199.5554 199.1836 198.8309 198.7209 198.6573 199.6415 199.8787 199.897 199.897 199.8305 198.8844 198.3413 197.733 197.89 197.1219 193.3738 190.4556 192.3729 194.9987 196.2886 197.6853 198.4191 199.0789 198.6208 195.0747 196.0591 197.6626 198.6191 199.8388 200.3021 199.3852 198.1847
202.3462 202.4161 202.3943 202.2618 202.3694 202.8733 203.269 203.3209 203.3979 203.4215 203.3599 203.2839 202.9002 202.7704 202.3257 201.9347 201.8361 201.8092 201.7876 201.7857 201.4344 200.971 200.5706 198.8699 198.1638 197.8054 196.1181 197.9989 198.7954 198.8094 198.3714 198.002 198.4732 197.9862 197.0996 197.824 198.1118 198.8905 199.8437 199.897 199.897 199.8192 198.9483 198.8135 198.4116 197.817 197.0596 193.4889 189.8253 190.0395 192.1235 193.5952 196.0991 197.3656 198.3076 198.9286 197.3254 194.1513 195.211 196.4696 197.9509 198.7652 197.3403 195.5289
201.449 201.8717 201.8242 201.4453 201.537 202.4254 202.4813 202.8025 202.897 202.897 202.8731 202.8064 202.7716 202.3757 201.9589 201.7957 201.4183 201.3779 201.373 201.4614 201.2794 200.9413 200.4944 198.8519 197.5911 196.9404 195.5213 197.8488 198.5776 198.4921 197.8551 196.2407 197.3622 196.2816 196.8863 197.8384 198.1135 198.9012 199.8317 199.897 199.897 199.8031 198.9626 198.8731 198.5874 197.3141 195.4181 193.7638 191.4557 189.5107 189.4924 190.8013 194.3392 195.8384 197.1402 198.1071 198.6976 194.8299 192.7303 193.5318 196.124 197.7603 195.1625 191.57
200.9796 201.7618 201.6768 201.0334 201.0705 201.897 202.0606 202.6669 202.8865 202.8892 202.7207 202.4268 202.3543 201.8657 201.7852 201.6471 200.897 200.897 200.9897 201.2534 201.3908 200.8403 200.2248 198.9704 198.224 196.6969 195.0367 196.4235 197.1131 196.6362 196.1122 193.7728 194.6735 193.9259 197.5038 197.8061 198.2233 198.9174 199.7776 199.8793 199.897 199.7866 198.9776 198.7789 198.2393 196.938 196.0495 196.4354 194.815 190.9738 187.9413 188.3544 191.0632 193.3016 195.2215 196.5142 198.2921 197.0154 192.8446 190.4666 194.2204 196.4371 192.9467 188.1735
200.6184 201.2403 201.2923 200.9641 201.0812 201.897 201.9824 202.3756 202.7601 202.7782 202.3418 201.9429 201.7511 201.4544 201.357 201.2999 200.897 200.897 200.9845 201.2827 200.9322 200.626 199.9329 199.2639 198.804 197.5011 195.1937 193.7375 194.1149 193.0838 191.8613 190.548 190.8023 191.4886 195.751 197.1777 198.438 198.928 199.4089 199.7509 199.7859 199.713 198.9645 198.6328 197.9442 197.3367 197.8065 198.7255 196.8375 192.6531 189.6501 188.2213 187.3863 189.8357 191.8144 193.6674 196.8772 198.0103 194.5421 188.5268 191.3868 194.443 190.3826 185.2424
199.6684 200.1011 200.7288 200.9218 201.1478 201.897 201.897 201.9866 202.3469 202.3755 201.9602 201.7814 201.3872 200.9488 200.897 200.897 200.897 200.897 200.897 200.8501 200.7298 200.2426 199.7726 199.3664 198.6972 197.5268 196.0457 192.881 192.2178 190.949 189.1271 188.4898 188.4155 189.0343 192.1641 195.3884 198.0375 198.8475 198.9158 199.34 199.3535 199.3539 198.8811 198.3622 197.8859 197.5266 197.6482 198.2411 196.3696 194.2291 194.6672 191.9389 186.9323 186.361 187.767 190.2321 194.4108 196.7596 194.9906 188.7582 186.8806 190.4159 186.8563 182.842
198.6394 199.284 200.6321 201.0788 201.443 201.897 201.897 201.897 201.897 201.897 201.897 201.7141 201.0142 200.9155 200.897 200.897 200.897 200.897 200.8717 200.6231 200.0316 199.3534 199.1744 198.7608 198.1487 196.2954 195.174 193.4036 192.3801 191.3044 190.4146 190.1729 189.4394 187.4165 189.0081 193.1987 197.1842 198.8635 198.897 198.897 198.897 198.8758 198.7411 198.0023 197.731 197.3732 197.8908 197.7785 196.3669 196.6728 198.1173 195.8133 190.203 184.8439 184.804 186.9667 190.8799 193.7051 194.001 190.1521 183.7468 184.2778 183.1249 183.1992
199.0821 199.7222 200.8332 201.4567 201.8327 201.897 201.897 201.897 201.897 201.897 201.897 201.807 201.3454 201.054 200.9166 200.897 200.8759 200.8346 200.7561 200.1816 199.0615 198.5259 198.3517 198.233 197.2672 194.67 193.7571 192.8184 192.7862 193.0006 194.1788 195.5937 193.1104 187.5128 187.0387 191.756 196.7572 199.2767 198.8752 198.8324 198.9034 198.8668 198.4556 197.7596 197.3673 197.4798 197.9084 198.4872 198.1299 198.3343 198.3463 197.5345 194.209 187.5081 183.7458 183.6391 186.1605 189.3178 190.5924 188.576 183.4241 180.6933 182.2944 187.1028
200.3886 200.6892 201.3638 201.9036 201.9911 201.9702 201.9129 201.897 201.897 201.897 201.897 201.897 201.8221 201.4355 201.0569 200.9111 200.7922 200.5235 200.4358 199.7178 198.9915 198.4026 197.8656 197.2574 196.4339 195.1238 196.0503 195.4327 195.5829 196.6766 197.8735 198.4509 195.3987 189.0372 185.7282 189.6412 195.1668 199.3481 198.5946 198.2732 198.6219 198.8982 197.9544 197.147 196.5293 196.8709 197.3936 197.7988 198.0854 198.7532 198.1867 198.1597 197.0006 192.587 185.6757 182.1463 181.3865 183.7549 185.6981 184.4109 181.0017 180.2421 185.134 192.3213
201.3091 201.553 201.9627 202.3839 202.455 202.3532 202.0493 201.9128 201.897 201.897 201.897 201.897 201.897 201.8372 201.4276 201.034 200.7167 200.0313 199.6279 199.2388 198.9375 198.6321 197.7867 196.48 195.508 196.5936 198.5123 198.4317 198.4609 198.611 197.7985 197.0658 195.1322 189.7134 184.2635 187.5504 194.4013 198.6821 197.4786 196.7472 197.5522 198.4872 197.493 196.2409 195.5985 196.296 196.8625 197.7065 198.093 198.8457 198.5551 198.3419 197.4049 194.5803 189.5749 184.1434 179.636 179.7031 181.3635 181.2904 177.7791 180.7441 188.2526 196.0481
201.8233 201.9883 202.3733 202.794 202.8464 202.8221 202.4439 201.9975 201.897 201.897 201.897 201.897 201.897 201.897 201.7885 201.3379 200.7155 199.8089 198.6544 198.4498 198.6995 198.3166 197.5124 196.1517 196.0222 197.9506 199.0867 198.9934 199.2766 198.8468 197.8167 196.6154 194.3965 189.2564 183.3358 185.3799 194.4418 198.0653 195.4881 195.3685 196.8753 197.618 196.8294 195.2382 194.3822 194.8512 196.1346 197.5706 198.0293 198.7576 198.9756 198.2628 196.7903 195.051 191.8003 186.6396 181.8436 179.0772 177.7631 178.3729 176.3376 182.0945 190.9002 198.4749
201.8456 201.9708 202.2905 202.633 202.4965 202.8244 202.6687 202.0592 201.897 201.897 201.897 201.897 201.897 201.8872 201.7288 201.3045 200.7287 199.886 198.6598 198.123 198.3185 197.8908 197.3401 196.9431 197.981 199.1264 199.2661 198.9877 199.264 199.078 198.1771 197.1918 193.8655 188.5319 182.2274 182.6414 193.4393 196.5711 193.41 195.1904 197.6549 197.7184 196.691 194.0942 192.7722 192.5883 194.2576 196.8524 197.2256 196.9998 197.8742 198.0267 197.1775 196.2152 192.9125 189.7861 187.1014 181.9995 176.1111 175.1014 177.133 184.0678 191.8822 197.1329
201.4061 201.8137 201.9346 202.1285 202.0412 202.271 202.218 201.969 201.897 201.897 201.897 201.897 201.897 201.8303 201.3618 200.9659 200.8205 200.4071 199.5094 198.7269 198.5332 198.0478 197.891 198.5777 198.8938 199.1302 198.8889 198.8696 198.9275 198.2964 197.1543 196.094 192.7884 186.5865 179.0701 179.3918 189.4114 192.2915 191.2793 194.9612 197.8036 197.9938 197.327 193.2588 191.1793 190.264 191.3516 194.1138 193.9133 191.8442 192.9997 194.8813 196.0932 196.1346 195.1849 193.8349 191.1813 183.899 176.1668 174.1491 179.0457 183.7985 187.8156 189.5074
200.9871 201.3151 201.7742 201.8642 201.8832 201.8546 201.8912 201.897 201.897 201.897 201.897 201.897 201.897 201.8509 201.4648 201.0337 200.9586 200.8864 200.5289 200.1105 199.647 199.2303 199.1994 199.3846 199.0361 198.781 198.3733 198.0305 197.071 195.4859 193.3566 191.562 187.784 181.1876 174.6796 176.1612 180.6437 183.0177 191.2943 195.9993 198.2919 197.7477 196.3247 191.812 189.2389 187.5379 187.4019 188.4064 187.8684 185.6381 186.0757 188.714 191.1077 191.9168 191.8986 190.4325 185.6768 179.4799 173.4218 172.9013 176.8604 178.0586 178.6546 178.6636
200.897 200.9675 201.1455 201.3812 201.6687 201.2811 201.814 201.897 201.897 201.897 201.897 201.897 201.897 201.897 201.8166 201.5933 201.5854 201.5361 201.514 201.3559 200.7485 200.416 200.0346 199.8753 199.5889 198.8341 197.9963 197.2664 196.5391 195.0751 193.0676 190.3185 185.3792 178.7457 173.1696 173.7869 173.9987 176.1391 191.9262 196.8339 197.2449 193.9143 190.9265 187.4112 184.6262 182.127 181.4081 181.4033 181.2525 180.2705 179.8436 181.6649 183.0491 183.2593 182.3553 179.6977 174.7853 171.5944 169.3788 169.889 171.4333 171.509 171.5221 171.3314
200.897 200.897 200.897 200.9725 201.1021 201.0459 201.7583 201.897 201.897 201.897 201.897 201.9005 201.9174 201.9174 201.9003 201.897 201.897 201.897 201.897 201.821 201.5945 200.9216 200.5891 200.5692 200.4472 199.5144 198.7413 198.8222 198.084 197.073 195.7292 193.8991 190.692 183.3005 174.7821 175.0845 173.7966 174.5337 188.4184 191.8296 191.0131 186.7911 183.6245 180.6424 177.737 176.085 175.8026 175.8331 175.7944 175.515 175.213 175.6801 175.7718 175.2143 173.2582 171.0626 168.9245 168.1059 168.0079 168.437 168.979 169.3454 169.7983 169.897
200.897 200.897 200.897 200.8981 200.8997 201.0295 201.7691 201.897 201.897 201.897 201.897 202.0222 202.5724 202.5353 201.9948 201.897 201.897 201.897 201.897 201.897 201.8319 201.0753 200.9127 200.9134 200.8551 200.3752 199.6582 199.1251 198.7785 197.6701 196.1404 195.5246 194.673 189.8643 180.3703 176.6718 175.3717 174.0984 176.98 179.4995 181.1237 178.8418 176.5993 175.1366 173.6176 173.1878 173.1735 173.2075 173.2265 173.0982 172.5907 171.7821 170.221 169.7679 168.736 168.0269 167.897 167.897 167.986 168.3467 168.897 169.0666 169.6745 169.8444
200.2308 200.1501 200.2277 200.8073 200.897 200.9527 201.2405 201.7964 201.897 201.897 202.0255 202.5277 202.8699 202.769 202.0551 201.897 201.897 201.897 201.897 201.897 201.8787 201.6337 201.5546 201.5322 200.881 200.257 199.7515 198.8614 198.4211 196.2035 193.2168 191.639 192.6899 192.3954 186.4004 178.1955 176.4377 175.1593 174.5077 175.054 175.9497 175.0971 174.0233 173.2703 172.8142 172.1357 171.637 171.7634 172.1378 172.0302 171.3427 170.2834 168.1558 167.8571 167.8913 167.897 167.897 167.897 167.897 168.0817 168.8523 168.9595 169.2208 169.3904
198.8061 199.2302 200.611 200.8439 200.897 200.9004 201.0754 201.7404 201.897 201.897 201.9569 202.2695 202.8445 202.7739 202.0499 201.7867 201.1275 201.1699 201.3581 201.8175 201.8964 201.8886 201.8867 201.6715 200.2011 199.1113 197.5223 194.0162 190.74 187.449 184.0817 181.9566 184.5514 187.4674 187.9251 182.8857 176.8037 174.7719 174.4859 174.9907 174.602 174.0542 173.2493 172.8249 172.1436 171.1747 170.9521 170.962 171.1631 171.0816 170.8005 169.6617 167.528 167.3014 167.8487 167.9002 167.8711 167.8935 167.897 167.9757 168.3085 168.7816 168.8914 168.9762
198.195 199.0324 200.7357 200.8922 200.897 200.897 200.946 201.2878 201.8105 201.8504 201.3885 201.9943 202.8244 202.7735 202.0426 201.7253 200.751 198.8898 199.216 200.4 201.8006 201.7587 201.2043 199.9682 195.8521 191.8651 187.6864 182.3389 180.272 177.589 175.8062 174.5611 176.4444 179.2267 181.6204 181.247 177.0871 174.7773 173.8914 173.4227 173.2998 173.0215 172.2365 172.1345 171.7592 170.9558 170.8022 170.3246 170.2061 170.0475 169.1223 167.5288 167.1336 168.3305 168.8565 168.0019 167.2991 167.8194 167.897 167.897 167.9643 168.2691 168.7821 168.8949
198.6544 199.7076 200.7966 200.897 200.897 200.897 200.9013 200.9875 201.1373 201.0957 201.1568 201.8135 202.1149 202.0907 201.9531 201.8287 201.365 197.9488 196.511 197.2245 199.3778 200.2105 198.525 191.402 185.6717 181.8278 178.5356 175.2021 174.3305 173.6416 173.2191 173.0314 173.5382 175.037 176.908 177.574 176.268 174.904 173.8548 173.5777 173.0157 172.6775 171.2912 171.2075 171.1446 170.9134 170.7656 169.932 169.3152 169.0048 168.0386 167.2216 168.482 170.2868 170.8672 169.6887 167.8336 167.8421 167.897 167.897 167.8972 167.9554 168.3067 168.8248
198.4522 199.828 200.8325 200.897 200.897 200.897 200.897 200.9051 200.9188 200.9115 201.1005 201.7434 201.9148 201.912 201.9029 201.7929 200.9621 199.6129 195.2568 188.4397 185.7647 188.8115 187.1438 182.0295 176.4503 174.3613 172.7085 171.6105 171.6922 172.1886 172.121 171.454 172.3573 173.517 175.1236 175.2728 174.6709 174.1979 173.8367 173.1747 172.8246 172.0553 171.0453 170.9152 170.9115 170.898 170.765 169.9809 169.4331 168.0189 167.3763 167.9241 169.6801 171.4244 171.7408 171.243 169.9712 168.1035 167.897 167.897 167.897 167.8986 167.9826 168.2598
198.0801 199.1233 200.0915 200.2282 200.3033 200.8805 200.897 200.7796 200.2756 200.1616 201.045 201.7374 201.897 201.8066 201.2939 201.1599 200.9342 201.0687 197.68 192.2361 184.6642 181.5929 179.7442 176.8455 173.3664 171.5032 170.4925 170.1617 170.3852 171.119 171.1534 170.9776 171.5216 172.9333 174.0718 174.0393 173.4228 173.224 173.079 172.8326 172.2634 171.8192 170.9801 170.897 170.7854 170.2387 170.7148 169.9096 168.9547 167.0822 167.2545 168.6966 170.5877 171.7412 171.8887 171.7956 171.4094 170.1431 168.4747 167.4737 167.897 167.897 167.901 167.9731
197.8334 198.8574 199.1448 199.2737 199.4714 200.8546 200.7774 200.03 198.7371 198.5038 200.9305 201.6371 201.215 201.1064 200.9776 200.924 200.946 201.6848 200.5051 197.997 194.6893 184.4919 178.8472 173.9337 172.1145 170.9079 170.0781 169.9129 169.974 170.3302 170.8327 170.9024 171.0497 171.644 172.363 173.0803 172.9881 172.9262 172.9094 172.7297 172.0694 171.7865 170.9603 170.897 170.8328 170.6889 169.9971 169.1671 168.1465 166.9086 167.3737 169.5288 171.4459 171.8584 171.7576 171.3121 171.057 170.7234 169.4669 168.4957 167.897 167.897 167.897 167.9017
197.6621 198.7869 198.1808 198.4144 199.0243 200.1163 199.9001 198.614 197.5319 198.83 200.7962 201.1318 200.9415 200.8215 200.312 200.317 200.9027 201.2617 201.4456 200.3761 197.9355 186.0365 178.5938 173.3018 171.8327 170.8163 170.0468 169.897 169.9025 169.9955 170.1481 170.1189 170.3555 170.9341 171.2186 172.105 172.2415 172.2125 172.1136 171.9848 171.3861 171.1229 170.9209 170.897 170.8888 170.8047 169.64 167.9285 167.7172 166.9334 168.1021 170.2125 171.0816 171.1073 171.1301 170.9787 170.9107 170.7595 169.7901 168.8658 167.897 167.897 167.897 167.897
197.5935 198.1092 196.6522 198.0355 198.8186 199.1583 198.3091 197.2358 196.0329 198.9367 199.6215 200.2005 200.1875 200.1333 199.7311 198.9628 199.3989 200.3582 201.0495 200.6891 197.5026 184.9099 175.9618 172.3081 171.0545 170.2798 169.9527 169.897 169.897 169.9075 169.9199 169.9087 169.9919 170.3023 170.8857 171.1384 171.2754 171.2545 171.1337 171.1361 170.9959 170.9163 170.9001 170.897 170.7977 170.0863 168.3373 167.7162 167.2894 167.7053 168.2543 169.9724 170.8351 170.9123 170.9191 170.9034 170.8576 170.1258 169.7386 168.9109 167.897 167.897 167.897 167.897
