QGeoWEPP-demo/Example_Data/Agriculture/dem.asc
ncols         707
nrows         463
xllcorner     500000
yllcorner     4469379.89
cellsize      30
NODATA_value  -9999
[rows 168 to 195 of 463, columns 448 to 511 of 707]
182.776 182.2945 182.0936 183.213 183.868 184.7373 185.5939 185.9553 186.4954 186.8485 187.0581 187.434 187.5821 187.8606 187.9713 188.0679 188.4045 188.507 188.5105 188.4979 188.4872 188.491 188.4886 188.576 188.848 188.897 188.897 188.9146 189.0668 189.4399 189.8222 189.897 189.9115 190.0481 190.3931 190.5629 190.8307 190.897 190.897 190.897 190.9639 191.4606 191.8346 191.9135 192.0496 192.2785 192.0211 191.9115 191.8087 191.5319 191.632 192.2935 192.3608 192.056 191.9155 191.6786 191.9172 191.9133 191.5578 190.9855 190.1851 189.8131 190.3487 190.2565
183.5012 183.6623 184.3478 185.0402 185.5003 185.9937 186.4774 186.5741 186.835 187.0554 187.579 187.8362 187.9438 188.0588 188.5236 188.5904 188.8777 188.9627 188.9645 188.9598 188.961 188.9658 188.9653 188.949 188.9052 188.897 188.9102 189.0694 189.5257 189.8276 189.897 189.9119 190.063 190.4655 190.8245 190.897 190.897 190.897 190.9131 190.9721 191.0859 191.7382 191.897 192.0017 192.4328 192.7243 192.4099 192.0592 191.9648 191.9106 192.0785 192.747 192.8737 192.5994 192.5249 192.5357 192.547 192.5394 192.534 192.3531 191.599 191.0843 191.5087 191.9934
184.5493 184.9904 185.8865 186.5827 186.5461 186.6101 186.8656 186.9009 187.0518 187.5273 187.8925 188.0223 188.4128 188.6207 188.9456 189.0518 189.4215 189.5579 189.603 189.5582 189.5615 189.598 189.5851 189.4266 189.0269 188.9565 189.059 189.4995 189.8678 189.897 189.9097 190.0603 190.5901 190.8263 190.897 190.897 190.9007 190.9538 191.0735 191.4643 191.5497 191.8251 191.897 192.0768 192.7322 192.897 192.814 192.5552 192.3799 192.037 192.0834 192.8078 193.4002 193.5419 193.5535 193.554 193.5355 193.4825 193.4805 193.3493 192.5863 192.0418 192.5028 193.3749
185.8241 186.4498 186.6467 186.897 186.9006 186.9139 186.9193 186.9835 187.5218 187.8427 188.0141 188.5458 188.8324 189.0276 189.5797 189.6093 189.8361 190.0228 190.4999 190.5621 190.5706 190.6274 190.6437 190.3948 189.7337 189.6119 189.6358 189.8447 189.9414 189.9469 190.0651 190.5152 190.8903 190.897 190.897 190.9059 190.9779 191.4277 191.5949 191.8701 191.897 191.897 191.9075 192.1279 192.7431 192.9103 192.9545 192.9657 192.8671 192.45 192.1798 192.9187 193.8624 194.4214 194.5816 194.5607 194.3822 194.0273 194.0111 194.2613 193.3998 192.3273 193.0759 194.3482
186.5906 186.8339 186.8964 186.897 187.0261 187.4647 187.6064 187.6604 187.8364 188.0224 188.6728 188.8487 189.0456 189.5782 189.8988 189.9098 190.0393 190.6116 190.9267 191.4667 191.578 191.7507 192.3625 192.4014 191.3429 190.6996 190.446 190.1548 190.5324 190.593 190.6223 190.8416 190.897 190.897 190.9043 191.0345 191.5226 191.8294 191.897 191.9031 191.9375 191.9404 192.0477 192.6327 192.8732 193.0681 193.4737 193.5654 193.4155 192.9482 192.7829 193.4394 194.0787 194.8795 195.543 195.4365 194.9611 194.6233 194.5917 195.1002 194.3569 193.4099 194.094 195.0113
186.8403 187.0301 187.5083 187.6669 187.6625 187.8296 187.8904 187.9616 188.4885 188.6552 188.9655 189.5447 189.6365 189.8522 189.9907 190.5106 190.6426 190.9567 191.609 191.9656 192.5807 193.499 194.1363 193.6403 192.5738 191.5524 190.9307 190.7032 190.8716 190.897 190.897 190.897 190.899 190.9137 191.0452 191.5741 191.8363 191.9015 191.9171 192.0162 192.5155 192.5479 192.6528 193.0165 193.5165 193.6406 193.8895 193.9353 193.8599 193.6183 193.6495 193.9448 194.5201 195.0429 195.8899 195.8365 195.5845 195.4341 195.0025 195.1635 194.8006 194.184 194.8296 195.6212
187.5769 187.6446 187.8394 187.8856 187.8855 188.016 188.5542 188.6842 188.8244 189.0005 189.6845 189.8381 190.0283 190.5064 190.7174 190.8299 191.017 191.6258 191.9167 192.6904 193.599 194.6745 194.7891 194.2622 193.0303 192.4922 191.7322 191.4211 190.9533 190.897 190.897 190.897 190.9783 191.5193 191.633 191.8557 191.8972 192.0299 192.4552 192.6848 192.8478 193.0377 193.4636 193.7701 194.4423 194.5426 194.5792 194.6225 194.5618 194.4098 194.0552 194.5475 194.8291 195.0916 195.888 195.9016 195.9204 195.7489 195.1111 195.4765 195.349 194.7372 194.9657 196.0804
187.8361 188.0121 188.5084 188.6814 188.6144 188.6374 188.8515 188.9516 189.4847 189.6409 189.8758 189.997 190.535 190.8386 190.8875 191.0226 191.537 191.9376 192.617 193.0286 193.9052 194.8551 194.8925 194.5954 193.6709 192.7444 192.0214 191.8041 191.6481 191.6448 191.5712 191.5736 191.7121 191.8347 191.8903 191.896 191.931 192.5625 192.8306 192.9787 193.5707 193.6432 193.8412 194.042 194.7556 194.8954 194.8962 194.8968 194.8976 194.8161 194.7068 194.8413 194.897 195.0886 195.887 196.0161 196.447 196.424 195.8226 196.4101 196.3414 195.5904 195.2133 196.5587
188.0004 188.5551 188.8298 188.8811 188.8734 188.992 189.5641 189.706 189.8198 189.9822 190.6339 190.6856 190.8187 190.8936 190.9647 191.6031 191.823 192.0052 192.8772 193.5691 194.0164 194.8609 194.897 194.679 193.8605 192.8482 192.5394 191.9985 191.8828 191.8831 191.8789 191.8795 191.8878 191.8941 191.897 191.897 191.9414 192.7525 193.0128 193.6389 193.8421 194.0246 194.4895 194.727 194.9589 195.3217 194.9779 194.936 195.3708 194.9945 194.8928 194.8959 194.897 195.0813 195.9577 196.7034 197.3867 197.4456 196.7225 196.9654 197.3828 197.2064 196.5507 197.1019
188.687 188.9537 189.5085 189.692 189.6113 189.6261 189.8457 189.8831 190.0278 190.5372 190.8674 190.8799 190.8907 190.976 191.7199 191.8343 192.0119 192.6246 192.9612 193.753 194.0587 194.8586 194.897 194.685 193.8788 192.893 192.6956 192.0577 191.897 191.897 191.897 191.897 191.897 191.897 191.897 191.897 191.9409 192.9065 193.5414 193.9307 194.6015 194.6463 194.8292 194.952 195.6108 195.7463 195.6552 195.695 195.7639 195.4971 194.9514 194.897 194.897 195.073 195.995 196.9364 197.8532 198.3621 197.6546 197.6506 197.9463 198.4322 197.7501 197.7127
189.5975 189.6252 189.8251 189.884 190.0016 190.4394 190.6226 190.6749 190.6451 190.8206 190.8958 190.897 191.0337 191.5667 191.8858 192.0217 192.5309 192.9038 193.6698 193.9804 194.5452 194.8864 194.897 194.6865 193.8911 192.897 192.7071 192.0604 191.897 191.897 191.897 191.897 191.897 191.897 191.897 191.9757 192.6996 193.5583 193.9355 194.6377 194.9321 195.3499 195.0856 195.7022 195.8412 195.8863 195.8802 195.8841 195.8881 195.8071 195.6109 194.9485 194.897 195.0641 195.9782 196.9596 197.9417 198.7044 198.6663 198.5891 198.7583 199.4423 198.6642 197.9807
189.962 190.4518 190.5817 190.6716 190.6614 190.8055 190.8721 190.8827 190.8709 190.89 190.897 191.0014 191.5371 191.8332 191.897 192.0823 192.835 193.5994 193.9388 194.5711 194.8202 194.865 194.1798 194.0243 193.2701 192.8461 192.2969 192.3954 191.9606 191.897 191.897 191.897 191.9342 192.5996 192.5695 192.7356 193.6207 193.9649 194.5278 194.9123 195.6631 195.6196 195.1872 195.9016 196.5953 196.5628 196.6164 196.6883 196.6072 196.4493 195.8987 195.7964 196.1887 196.3435 196.7667 197.5927 198.0447 198.8439 199.6765 199.5887 199.6269 199.8738 200.2862 199.1389
190.6385 190.9354 191.4526 191.6498 191.5696 191.5262 191.5569 190.9105 191.0294 191.4536 191.644 191.6719 191.8143 191.8913 191.9321 192.6152 193.0124 193.8196 194.6639 194.8298 194.8054 194.1424 193.722 192.7159 192.2762 192.0947 192.0069 192.09 191.9237 191.897 192.0332 192.4673 192.7226 193.4249 193.0667 193.5386 193.9037 194.6049 194.8173 194.9794 195.8279 195.8168 195.7795 196.6728 196.9615 197.4402 197.5238 196.8818 197.0087 197.2566 196.7774 197.4154 197.4687 197.6251 198.4793 198.7084 199.3364 200.2618 200.668 200.7082 201.0032 200.8044 201.4466 200.2758
190.9709 191.5275 191.816 191.8906 191.8687 191.8515 191.8404 191.6449 191.6145 191.8011 191.8828 191.8832 192.0172 192.4819 192.6678 192.9722 193.5121 193.9237 194.8595 194.8901 194.7612 193.9332 192.9976 192.1472 191.9355 191.9046 191.9099 191.9204 191.9404 192.7063 193.2322 193.5554 194.3758 193.8308 193.6657 193.8947 194.6891 194.8399 194.9911 195.6047 195.9564 196.501 196.6078 196.9102 197.6305 197.8074 197.8258 197.677 197.6561 197.7344 197.6848 197.9251 198.4549 198.6851 199.6255 199.6533 199.9777 200.7856 201.6691 201.6311 201.7082 201.6901 201.8147 201.1944
191.6162 191.8203 191.8898 191.897 191.897 191.897 191.8908 191.8904 191.8674 191.8881 191.897 191.9959 192.5182 192.8166 192.9127 193.5955 193.8085 193.9479 194.8766 194.7708 194.2143 193.1869 192.1736 191.9629 191.897 191.897 191.897 191.897 191.9581 192.9601 193.733 193.9053 194.0995 193.9086 193.8734 193.9855 194.8891 195.0222 195.5135 195.8863 196.6634 196.8209 196.9403 197.6524 197.856 198.0167 198.5035 198.6078 198.0615 198.4469 198.6285 198.6865 198.9542 199.5825 200.6287 200.7298 201.1914 201.663 202.6674 202.7085 203.1093 203.3326 202.5935 201.5414
191.8659 191.8884 191.897 191.897 191.897 191.897 191.897 191.897 191.897 191.897 191.9098 192.6177 192.9345 193.4438 193.6206 193.8527 193.9886 194.5312 194.8898 194.7025 193.9547 192.9383 191.9356 192.026 192.461 192.6035 191.9258 191.897 191.9836 193.6301 193.8512 193.9874 194.6013 194.6026 194.5258 194.6115 194.897 195.0894 195.8184 196.5891 197.6024 197.5413 197.5984 197.8968 198.5847 198.6061 198.8257 198.8661 198.8101 199.3588 199.604 199.633 199.7552 200.4427 200.8763 201.1548 202.3752 203.2214 203.6532 203.6167 203.7637 203.7922 202.798 201.7365
191.3248 191.8388 191.897 191.8917 191.2416 191.2748 191.2665 191.2222 191.2941 191.3811 191.8808 192.9638 193.4896 193.8103 193.9067 194.5035 194.5556 194.8428 194.8322 194.1146 193.3857 192.9014 191.9167 191.9728 192.2299 192.8823 192.5707 192.6026 193.2267 193.949 194.4711 194.5732 194.8728 194.9864 195.2884 194.9594 194.897 195.0981 195.9032 196.8265 197.9485 198.4485 198.4435 197.9615 199.5257 199.6119 200.1533 200.3483 199.7908 200.3412 200.5894 200.6176 200.7225 201.4419 202.3821 203.127 203.5698 204.4083 204.6419 204.5536 204.4339 203.929 203.5385 202.5822
190.9163 191.1326 191.1773 190.599 190.1276 189.7037 189.6159 189.6487 190.3775 191.0459 192.4719 193.5833 193.9244 194.4066 194.568 194.8474 194.8586 194.8715 194.1991 193.7639 193.0222 192.2601 191.9061 192.0237 192.4945 192.9126 193.4816 193.603 194.4155 194.6098 194.8204 194.9383 195.5492 195.6161 195.7294 195.5791 195.6006 195.7394 196.5121 197.4856 197.9989 198.9002 199.3405 199.3364 199.9565 200.4668 200.8352 201.558 200.7905 201.322 201.5694 201.6774 202.2839 203.0931 204.3097 204.5271 204.5335 204.8187 204.8898 204.8656 204.699 203.9807 203.8495 203.6531
190.2211 190.1368 190.1084 189.2667 188.4358 187.684 187.5657 187.2048 189.4295 191.0143 193.3837 194.5126 194.5862 194.8 194.8938 194.7317 194.3252 194.2314 193.836 193.0858 192.3699 191.9268 192.5473 192.6107 192.8789 193.5649 193.9893 194.478 194.8642 195.4897 194.935 194.9547 195.2185 195.9733 196.3973 196.4815 196.5744 196.5711 196.8561 197.212 198.0021 199.0114 199.757 200.537 200.6081 200.929 201.4767 201.9026 202.2157 202.3802 202.5496 202.6923 203.5604 204.3418 204.8734 204.8732 204.8601 204.8908 204.897 204.897 204.8235 204.5965 203.8993 204.0496
189.2468 189.1582 189.0963 188.2863 187.09 186.3554 186.2604 186.1493 189.1007 191.0799 193.7335 194.8783 194.8722 194.7892 194.2821 194.1711 193.8621 193.8311 193.2379 192.673 192.059 191.9142 192.3995 193.0659 193.5378 193.8996 194.1263 194.7708 194.9413 195.8606 195.5116 195.2579 195.5542 196.7067 197.4128 197.5144 197.532 197.0378 197.4697 197.5815 198.0051 199.0376 199.8337 200.8515 201.5116 201.5406 201.8595 202.6051 203.4087 203.415 203.5281 203.5996 204.0267 204.7161 204.896 204.897 205.0077 205.4491 205.5585 204.9251 204.8852 204.8656 204.5887 204.5893
188.2784 188.1769 188.1251 187.3129 186.2712 185.9422 185.968 186.6681 189.2626 191.4728 193.7726 194.8745 194.7544 194.3284 193.8939 193.7451 193.3201 193.2544 192.8409 192.2889 192.1378 192.4994 193.199 193.8018 194.4174 194.5051 194.6173 194.9571 195.0166 195.9606 196.4648 196.5017 197.1204 197.6173 198.085 198.4991 198.501 197.7335 197.9395 197.9049 197.9366 198.4247 199.2017 200.8103 201.8346 201.9493 202.4712 203.5762 204.2788 203.9145 203.8802 203.8927 204.1082 204.7497 204.897 204.897 205.0787 205.7352 205.8812 205.445 204.9965 204.8929 204.8902 204.8642
187.3296 187.2856 187.2469 186.8602 185.9414 185.9217 186.0763 187.5452 189.5056 191.8321 193.8099 194.8675 194.6818 194.0216 193.8728 193.2379 192.8646 192.8166 192.3421 192.4655 192.7089 193.45 194.478 194.6864 194.9205 194.9083 195.1018 195.6756 196.0931 196.5379 197.0696 197.6108 198.4507 198.539 198.8487 199.4629 199.4949 199.1284 198.7441 198.0581 197.9062 197.9783 198.3366 199.6166 201.3008 201.8068 202.2511 203.3048 204.0723 203.8939 203.8785 203.8956 203.978 204.2102 204.2665 204.8565 204.8961 205.2388 205.897 205.8252 205.4912 204.9608 204.897 204.897
186.8284 186.7989 186.7528 186.3597 185.9153 185.9904 186.4975 188.0397 190.4744 192.4698 193.8753 194.8323 194.5789 193.8757 193.3277 192.7586 192.3791 192.3577 191.9784 192.6624 193.4756 193.9314 194.9609 195.4611 195.5688 195.4922 196.1803 196.6513 196.9454 197.4579 197.6174 198.0749 198.8877 199.4993 199.8314 200.4467 200.4852 200.5 200.2818 199.7312 198.4684 197.9834 198.0198 198.8783 200.4132 201.2637 201.8314 202.3344 203.2696 203.5566 203.3574 203.8895 203.897 203.897 203.8996 204.2738 204.4209 204.8927 205.897 205.897 205.7334 204.9968 204.897 204.897
186.3534 186.315 186.2651 185.8813 185.8852 186.0174 186.6447 188.6407 192.0646 193.4908 194.3059 194.3331 193.9856 193.274 192.3734 192.2573 192.1002 192.4907 192.9685 193.4156 194.3204 194.4902 195.0861 196.0169 196.4798 196.4837 197.4247 197.5417 197.5424 197.91 198.1084 198.6664 199.455 200.4538 200.8483 201.4439 201.4662 201.5675 201.6983 201.5067 199.8868 198.3344 198.2231 198.8856 200.0231 200.9595 201.7065 201.9025 202.2823 202.5611 202.9003 203.8752 203.882 203.9177 203.9079 204.0211 204.5714 204.9609 205.897 205.897 205.731 204.9979 204.897 204.897
185.897 185.897 185.8121 185.4538 185.8459 186.1828 187.3054 190.0735 193.3616 194.2044 194.2507 193.3827 193.0509 192.4902 191.9311 191.9808 192.381 193.4055 194.3823 194.6405 195.0958 195.4712 196.0293 196.7236 197.3412 197.4344 197.9292 198.1319 198.4532 198.4539 198.7754 199.5965 200.4329 201.1257 202.1311 202.5025 202.4513 202.6496 203.1188 203.0436 202.2529 200.0618 199.7011 199.0299 200.0427 200.8128 201.2374 201.3502 201.3244 201.6562 202.7891 203.4087 203.8481 203.9897 204.4333 204.5406 204.9879 205.4399 205.897 205.8795 205.6727 204.991 204.897 204.897
185.9068 185.9827 185.8974 185.1398 185.9985 186.8011 189.1149 191.9132 194.139 194.091 193.3329 192.4953 192.4743 192.5217 192.4311 192.5846 193.2258 194.2497 194.9088 195.4996 196.0356 196.4885 197.3743 197.6393 197.9275 197.9639 198.4174 198.7795 199.4027 199.4522 199.746 200.5402 201.4419 202.1857 203.4138 203.5518 203.4438 203.6998 204.3641 204.4026 203.7774 202.1759 201.4874 200.0919 200.429 200.5259 200.8479 200.9346 201.1595 202.0184 203.3035 203.487 203.8876 204.0937 204.8522 204.897 205.0768 205.7014 205.8773 205.7309 205.2989 204.938 204.8913 204.8241
186.0971 186.5707 186.6711 186.5152 187.2295 188.5228 191.037 193.3626 194.3754 193.3866 192.4966 192.3827 192.7362 193.3415 193.4336 193.5812 194.0296 194.4612 194.9369 196.0037 196.9028 197.4002 197.944 198.3733 198.4715 198.4583 199.0445 199.6954 200.3945 200.4442 200.6595 201.291 202.4496 203.5382 204.3591 204.4543 204.3974 204.5233 204.8393 204.8652 204.3357 203.3595 202.481 201.4382 200.9112 200.7178 201.0029 201.4872 202.3223 203.5968 204.3106 203.9574 204.0941 204.4628 204.8753 204.897 204.9751 205.2697 205.3716 205.2496 204.9554 204.8838 204.8216 204.3542
187.0441 187.9869 188.3667 189.0578 189.8342 191.4433 192.9762 194.2126 194.0269 192.9146 192.0871 192.8673 193.4724 193.9956 194.371 194.4123 194.4558 194.4829 194.9936 196.14 197.219 197.8763 198.0734 198.7991 199.0596 199.3961 199.6458 200.5325 201.3056 201.3862 201.6358 202.2919 203.4496 204.4022 204.8191 204.8146 204.8412 204.8165 204.7871 204.8208 204.7649 203.786 202.9224 201.9673 201.445 201.4672 201.5769 202.4677 203.6063 204.6057 204.814 204.4104 204.5526 204.8362 204.897 204.897 204.897 204.897 204.897 204.8783 204.8084 204.7859 204.3542 203.9357
