QGeoWEPP-demo/Example_Data/Agriculture/dem.asc
ncols         707
nrows         463
xllcorner     500000
yllcorner     4469379.89
cellsize      30
NODATA_value  -9999
[rows 252 to 279 of 463, columns 384 to 447 of 707]
191.2156 191.491 191.6866 192.4827 192.984 194.4907 195.5514 195.4603 195.509 195.6079 194.6892 195.1146 196.4886 198.678 199.723 200.6419 200.9031 201.6432 201.6103 201.037 200.8851 200.8521 201.6544 201.928 202.5709 201.7376 201.0522 200.897 200.8929 200.7941 200.6062 200.6463 200.5709 200.6562 201.3613 200.5647 199.2718 197.6768 195.2529 198.3004 201.3835 203.6241 204.8712 204.6908 204.9472 205.6439 206.8408 206.8902 206.897 206.9563 207.8491 207.897 207.897 207.897 207.897 207.897 207.897 207.897 207.897 207.897 207.8702 207.5581 206.9745 206.897
191.7693 191.3356 191.9645 192.9088 193.6075 194.8042 195.3682 196.3198 196.5412 197.3004 196.244 196.3434 197.4622 198.9592 200.0047 200.7377 200.924 201.8703 201.8022 201.5377 200.8953 201.182 202.367 203.1695 202.8647 202.3643 201.6748 201.6109 201.6002 201.5129 201.524 201.6303 201.5521 201.5484 201.7574 200.8167 199.5468 197.9275 196.5446 198.8765 201.2481 203.5806 204.8944 204.8816 205.0609 205.8354 206.8705 206.897 206.897 206.9218 207.1494 207.2574 207.2249 207.1692 207.8603 207.897 207.897 207.897 207.897 207.897 207.8931 207.8376 207.4711 206.9899
191.8375 191.6235 192.0155 193.5755 194.445 195.5076 196.9641 197.332 197.5578 198.5661 197.5291 197.4759 197.877 198.9717 200.0353 200.7473 200.9244 201.8807 201.8849 201.7694 200.897 201.3703 203.1398 203.7888 203.5437 202.8236 202.5218 202.5766 202.5633 202.3459 201.952 201.8933 201.8711 201.8608 201.8244 200.8195 199.5682 198.1266 197.6862 200.4012 201.8367 203.6029 204.1823 204.9932 205.5171 205.8844 206.2251 206.8489 206.897 206.9008 206.9108 206.9417 206.9318 206.9201 207.3112 207.8057 207.897 207.897 207.897 207.897 207.897 207.8923 207.6738 207.0353
191.3307 191.8437 192.6884 194.5665 195.5161 196.5095 197.8543 197.8256 197.8913 198.2299 197.8864 197.9722 198.4653 198.4139 200.4983 200.9289 201.5273 201.8895 201.897 201.844 201.5718 201.4597 203.528 204.4251 203.8672 203.4048 202.944 202.8859 202.8816 202.7741 202.5683 202.5852 201.915 201.897 201.8335 200.7567 199.0988 198.2615 199.2401 201.6389 202.6377 203.7424 204.6173 205.064 205.7356 205.8972 205.9926 206.8197 206.897 206.897 206.897 206.897 206.897 206.899 206.9815 207.3356 207.8282 207.897 207.897 207.897 207.897 207.897 207.8154 207.5624
190.9011 191.7993 193.0344 194.9456 195.9987 197.4246 197.9048 197.9158 197.897 197.897 198.0143 198.5319 198.9274 199.9039 201.0103 201.5066 201.8697 201.9035 202.0813 202.4743 202.5458 201.5659 203.5289 204.1678 203.8961 203.8049 203.6003 203.5594 203.561 203.5499 203.5348 203.5596 202.4401 201.9705 201.8348 200.6746 198.5276 198.805 201.0575 202.1023 203.3679 203.911 204.8956 205.0899 205.7635 205.9187 206.6104 206.8566 206.897 206.897 206.897 206.897 206.897 206.897 206.9048 207.112 207.7919 207.897 207.897 207.897 207.897 207.897 207.8853 207.7849
190.4371 191.3174 193.0248 194.9414 196.023 197.7439 198.3983 197.9638 197.897 197.897 198.0797 198.9111 199.5513 200.9418 201.5709 201.8509 201.897 201.9882 202.5549 202.9286 203.5188 203.0419 203.7443 203.9078 203.9034 203.9705 203.9904 203.9126 203.9092 203.9709 203.9527 203.8927 202.7256 201.8919 201.1596 198.8715 198.4963 200.0551 201.7904 202.7449 203.7628 204.0177 204.897 205.0996 205.7727 205.929 206.8923 206.8897 206.897 206.897 206.897 206.897 206.897 206.897 206.897 207.0851 207.7863 207.897 207.897 207.897 207.897 207.897 207.897 207.8059
190.4806 191.474 193.0155 194.8769 195.8511 197.1948 198.1923 197.8232 197.8383 197.8966 198.1055 199.1771 200.3591 200.9722 201.8356 201.897 201.897 202.0352 202.7829 203.0076 203.8918 203.897 203.9225 203.9679 204.5023 204.548 204.5617 204.5049 204.0206 204.5054 204.4821 203.8929 202.692 201.5748 200.2493 197.9623 199.0954 200.7621 201.8719 203.5449 203.9711 204.4386 204.8956 204.9626 205.3316 205.8626 206.8947 206.897 206.897 206.9096 207.4369 206.9633 206.897 206.897 207.0235 207.5242 207.8585 207.897 207.897 207.897 207.897 207.897 207.897 207.8509
190.2655 191.6423 192.9458 194.2663 195.1386 196.2 196.791 197.1171 197.3482 197.9008 198.3572 200.0197 200.8654 201.4749 201.8209 201.8781 201.897 202.033 202.7805 203.0133 203.8902 203.897 204.0293 204.449 204.8954 204.897 204.897 204.89 204.5508 204.7898 204.7146 203.8824 202.0138 200.4978 199.0126 198.6361 200.3344 201.3352 201.9039 203.3389 203.8351 204.1866 204.295 204.8334 205.0595 205.8262 206.8924 206.897 206.897 206.9045 207.2987 207.3065 206.974 206.9061 207.5671 207.8442 207.897 207.897 207.897 207.966 208.4752 207.9045 207.897 207.8295
189.4035 190.3519 192.3413 193.1103 194.1553 194.8312 195.4846 196.3905 197.0067 197.9558 199.3571 200.7893 201.3331 201.3599 201.4107 201.7473 201.8919 202.0307 202.778 203.0198 203.8885 203.897 204.0977 204.7778 204.9001 204.9589 204.9678 204.895 204.7958 204.3039 204.1073 203.3074 201.4588 199.8487 199.7033 200.1177 200.9962 201.3997 201.9086 202.933 203.3596 203.8025 203.8994 204.3742 204.9106 205.7853 206.8825 206.8835 206.897 206.897 206.951 207.1396 206.9475 206.9129 207.8505 207.897 207.897 207.897 207.897 207.9395 208.2513 207.9016 207.8727 207.7647
189.0614 189.6967 191.9075 193.172 194.0474 194.5277 195.581 196.7397 197.5758 198.5567 200.8209 200.9576 201.1681 200.8848 200.9861 201.4064 201.8587 202.0281 202.7743 203.0271 203.887 203.897 204.1009 204.7935 204.9521 205.4609 205.476 204.9439 204.3398 203.8479 203.3221 202.335 201.1499 200.4319 200.8945 201.4375 201.5178 201.7213 202.4173 202.9166 203.1792 203.7669 203.897 203.9717 204.4082 205.2361 206.3476 206.7633 206.8271 206.8927 206.897 206.897 206.897 206.9141 207.8153 207.8759 207.897 207.897 207.897 207.897 207.897 207.897 207.7877 207.3729
189.4604 190.5475 192.4209 194.3519 195.0742 195.6122 197.0016 198.0413 198.6784 199.9717 201.5946 200.7772 199.9889 200.4825 201.015 201.4677 201.8754 202.052 202.7884 203.0367 203.8855 203.897 204.1032 204.8412 205.4258 206.0314 206.2431 205.4603 204.4428 203.9933 203.4135 201.8909 200.9629 201.0136 201.4221 201.889 202.0202 202.478 202.9308 203.4165 203.527 203.8247 203.897 203.9117 204.1422 204.8093 205.4208 206.2121 206.3627 206.8326 206.8902 206.897 206.897 206.9043 207.4023 207.7962 207.897 207.897 207.897 207.897 207.897 207.897 207.8273 207.5119
190.5869 191.433 192.8934 194.8453 195.9336 196.8949 198.3116 198.9203 199.4841 200.8782 201.4971 200.3272 198.8407 200.454 201.3615 201.815 201.9539 202.4221 202.8479 203.047 203.8841 203.897 204.1055 204.8819 205.8833 206.4933 206.7425 205.9898 205.3177 204.5994 204.2126 202.3606 201.0242 201.0577 201.73 201.8921 202.1672 202.9218 203.4144 203.817 203.5768 203.8259 203.9072 204.04 204.4951 204.847 204.9714 205.8012 205.9507 206.3683 206.8661 206.897 206.897 206.897 207.0609 207.6835 207.8864 207.897 207.897 207.897 207.897 207.897 207.897 207.8429
192.6449 192.2038 192.5251 194.7 195.9762 197.3854 198.3731 198.8386 199.3799 200.3252 200.5082 199.2929 198.0682 200.5858 201.4285 201.8496 202.0337 202.839 202.9217 203.1066 203.8836 203.9119 204.1667 204.9043 205.9003 206.8994 207.1884 206.4256 205.8164 205.0266 204.7001 203.2679 201.1875 201.0696 201.4087 201.9271 202.6503 203.3952 203.8641 203.8365 203.6083 203.8371 203.9338 204.466 204.8437 204.897 204.9688 205.7951 205.897 205.97 206.8488 206.897 206.897 206.897 206.9721 207.3683 207.8302 207.897 207.897 207.897 207.897 207.897 207.8729 207.7726
195.148 193.4377 191.9065 194.2504 195.6956 196.7865 197.7261 198.2577 198.6368 198.9491 198.6999 197.9739 197.8966 200.4924 201.3933 201.9411 202.3843 202.8793 203.0771 203.4259 203.889 203.9694 204.3836 204.9556 205.8866 206.9578 207.4874 206.8868 205.9048 205.111 204.7629 203.8095 202.0155 201.5648 201.2795 202.3636 203.4142 203.8295 203.897 203.9069 203.9559 203.9355 203.9907 204.8239 204.897 204.9144 204.9962 205.8064 205.897 205.9814 206.8394 206.897 206.897 206.897 206.897 207.0752 207.7395 207.8875 207.897 207.897 207.897 207.897 207.7743 207.3795
197.3998 195.3337 192.1798 193.7394 195.1476 196.0124 196.8891 197.3587 197.7796 197.7736 197.4547 197.6479 198.6682 201.041 201.768 202.0866 202.8362 203.0008 203.4623 203.8301 203.897 203.9753 204.4044 204.9726 205.8679 206.8611 207.2014 206.8761 206.244 205.3854 204.8258 203.9241 203.2766 202.5498 202.1652 202.9585 203.7986 203.897 203.9144 204.0018 204.2862 204.1294 204.3933 204.8616 204.897 204.9685 205.3675 205.8542 205.897 205.9987 206.8247 206.897 206.897 206.897 206.897 206.9807 207.3735 207.8294 207.879 207.897 207.897 207.887 207.6343 207.0085
198.6259 196.6426 193.5316 194.0851 194.843 195.1153 195.909 196.7333 196.9698 197.3926 197.1637 198.0843 199.4262 201.0546 201.7582 202.0919 202.8995 203.3599 203.834 203.897 203.897 203.897 204.1157 204.9309 205.8451 206.6797 206.7862 206.7606 206.3499 205.4164 204.874 204.2509 203.7965 203.2388 203.3576 203.388 203.8501 203.897 203.9721 204.3783 204.7449 204.5529 204.8914 204.897 204.9242 205.0776 205.8323 205.897 205.897 205.9915 206.7705 206.8756 206.897 206.897 206.897 206.897 206.9403 207.4354 207.8201 207.897 207.8803 207.7877 207.3206 206.8675
199.0749 197.7744 195.0085 195.2426 195.5726 195.6658 196.1367 196.8376 196.9391 197.0297 197.3462 198.2058 199.726 200.9782 201.6644 202.0794 202.9668 203.7781 203.897 203.897 203.897 203.897 204.0903 204.8544 205.7209 206.2298 206.3375 206.3631 205.8249 205.0484 204.7889 204.3914 203.8628 203.5959 203.8636 203.9563 203.9176 203.9246 204.0878 204.8065 204.897 204.897 204.897 204.9142 205.0846 205.4107 205.8617 205.897 205.897 205.9658 206.4924 206.8266 206.897 206.897 206.897 206.897 206.897 206.962 207.7651 207.897 207.8257 207.4048 206.9531 206.7605
199.5094 198.8706 196.9106 196.5809 197.0305 197.0294 197.0506 197.3778 197.2354 197.366 197.5573 198.1042 199.3059 200.5876 201.3186 202.01 202.9804 203.7747 203.9816 204.0013 203.9826 203.9919 204.0782 204.5107 205.2836 205.4527 205.7407 205.8691 205.7259 205.0335 204.7089 203.9143 203.897 203.9223 204.0656 204.3007 204.0617 204.0979 204.4129 204.8512 204.897 204.897 204.9165 205.0424 205.4617 205.8418 205.897 205.897 205.897 205.9857 206.3729 206.8324 206.897 206.897 206.897 206.9235 206.9527 206.9747 207.7574 207.897 207.7931 207.0516 206.9178 206.8307
200.2618 200.577 199.0016 198.8467 198.9639 198.547 198.479 198.433 198.1167 197.9958 197.6584 198.0239 198.6871 200.0823 200.9306 201.9395 202.9825 203.8144 204.3286 204.4232 204.3775 204.3998 204.3379 204.2089 204.7793 204.9888 205.3869 205.6994 205.4233 204.9645 204.7035 203.9156 203.897 204.0142 204.4196 204.8225 204.4655 204.515 204.8595 204.897 204.897 204.9214 205.0496 205.414 205.8282 205.897 205.897 205.897 205.9224 206.1124 206.7966 206.897 206.897 206.897 206.9141 207.0851 207.2751 207.0805 207.7721 207.897 207.8466 207.3694 207.0522 206.9143
200.1592 201.5683 201.1198 201.1774 200.8858 199.8178 199.6119 199.6171 199.4655 198.9433 198.6696 198.5862 198.8535 200.1594 200.942 201.9425 202.9922 203.8561 204.7242 204.897 204.9168 204.9738 204.9011 204.6563 204.9294 204.9975 205.0717 205.2985 204.9569 204.897 204.7206 203.9842 203.9145 204.1069 204.7731 204.897 204.897 204.897 204.897 204.9079 204.9829 205.0873 205.4367 205.8361 205.897 205.897 205.897 205.897 206.0137 206.4205 206.8461 206.897 206.897 206.9175 207.042 207.4601 207.7991 207.5104 207.9395 207.9822 207.9041 207.8369 207.3827 206.9791
199.7366 201.7879 202.9689 203.0632 202.8064 201.7043 201.244 201.0787 200.7083 200.4568 200.0354 199.8084 200.2358 200.7524 201.2066 202.0578 203.0749 203.8632 204.7209 204.9193 205.0747 205.3557 205.4998 205.4364 205.4012 205.4298 205.3421 205.0085 204.9148 204.897 204.8105 204.3233 204.0677 204.1882 204.7852 204.897 204.9167 204.9839 204.9963 205.0408 205.3555 205.5052 205.888 205.897 205.897 205.897 205.897 205.9178 206.1698 206.8301 206.897 206.897 206.897 206.9921 207.3909 207.8456 208.0699 208.317 208.4229 208.3422 208.0039 207.916 207.6882 207.048
199.0557 201.5042 203.8678 204.3325 204.3722 203.8861 203.2461 202.8601 202.1445 201.5499 201.3718 201.304 202.409 202.5055 202.2809 202.6744 203.4531 203.9318 204.7385 205.098 205.5983 205.9911 206.2662 206.0467 205.9867 205.9139 205.8022 205.3857 205.0669 204.9923 204.9929 204.9193 204.6017 204.6387 204.9381 204.9928 205.0806 205.371 205.4301 205.4761 205.8238 205.897 205.897 205.897 205.897 205.897 205.9015 206.0635 206.4605 206.8619 206.897 206.897 206.9204 207.1402 207.7769 208.0838 208.4714 208.9142 208.9982 208.9105 208.4421 208.0697 207.708 207.0485
199.1401 200.9687 203.0472 204.4581 204.8838 204.8158 204.4913 203.9772 203.4063 202.4934 202.2266 202.9274 204.2399 204.2906 203.6994 203.5804 203.8616 203.9954 204.8375 205.5897 206.4296 206.5241 206.7223 206.5162 206.4366 205.9969 205.897 205.8185 205.5114 205.4552 205.4555 205.4427 205.4491 205.4607 205.4554 205.4453 205.5373 205.8211 205.897 205.897 205.897 205.897 205.897 205.897 205.897 205.9165 205.9984 206.4438 206.8237 206.897 206.897 206.897 207.0178 207.4847 207.9146 208.4673 209.0227 209.3313 209.4315 209.4429 209.2597 208.5864 207.8904 207.153
200.4984 200.8873 201.8235 203.8253 204.7443 204.8914 204.8619 204.5748 204.2961 203.5291 203.3615 204.0205 204.7786 204.8146 204.4707 204.0547 203.9694 204.0681 205.0007 206.0147 206.8709 206.897 206.897 206.897 206.8615 206.1185 205.9099 205.897 205.897 205.897 205.897 205.897 205.897 205.897 205.897 205.897 205.897 205.897 205.897 205.897 205.897 205.897 205.897 205.897 205.9159 206.0669 206.4051 206.8257 206.897 206.897 206.897 206.897 207.0891 207.8068 208.0347 208.8442 209.475 209.8335 209.897 209.897 209.8216 209.381 208.3613 207.5923
201.6108 201.0738 201.441 203.0674 204.2572 204.8527 204.9465 204.951 204.8641 204.5818 204.5186 204.596 204.8982 204.9611 204.8816 204.6133 204.5564 204.6534 205.5271 206.4215 206.8851 206.897 206.897 206.897 206.8816 206.4424 205.995 205.897 205.897 205.897 205.897 205.9086 205.9611 205.97 205.9723 205.976 205.9597 205.9097 205.897 205.897 205.897 205.897 205.897 205.897 206.0204 206.4683 206.8291 206.897 206.897 206.897 206.897 206.897 206.988 207.4344 207.9558 208.9207 209.7208 209.897 209.897 209.8775 209.7987 209.5735 208.4323 207.9499
202.6422 202.2711 202.4609 203.0046 203.9899 204.983 205.517 205.5572 205.5525 205.4672 205.0258 205.0617 205.4586 205.5635 205.5339 205.5174 205.5283 205.5762 206.0634 206.7486 206.897 206.897 206.897 206.897 206.897 206.7215 206.1022 205.9018 205.897 205.9089 205.946 206.0479 206.4341 206.4975 206.5078 206.5271 206.4073 206.0374 205.9024 205.897 205.897 205.897 205.897 205.9077 206.158 206.7819 206.897 206.897 206.897 206.897 206.897 206.897 206.897 207.0806 207.8839 208.811 209.3879 209.897 209.897 209.7868 209.318 208.6963 207.671 207.7398
203.6138 203.553 203.6992 204.1895 204.8204 206.1746 206.5323 206.5408 206.4289 205.8813 205.6516 205.633 205.8782 205.9301 205.9289 205.9223 205.9049 205.9901 206.515 206.8373 206.897 206.897 206.897 206.897 206.897 206.827 206.4594 205.9926 205.9446 206.0592 206.4198 206.6098 206.8307 206.897 206.9057 206.9427 206.8324 206.4577 205.9997 205.9489 205.9055 205.897 205.897 205.9906 206.4851 206.8472 206.897 206.897 206.897 206.897 206.897 206.897 206.9095 207.1346 207.884 208.6751 209.0738 209.8373 209.8861 209.7878 209.1682 208.0296 207.1579 207.2507
204.4304 203.988 204.0557 204.8663 205.7401 206.7791 206.9033 206.9023 206.8213 206.6448 206.6119 206.5498 206.5716 206.6212 206.5734 206.4208 206.0679 206.5709 206.8301 206.897 206.897 206.897 206.897 206.897 206.897 206.897 206.8113 206.6093 206.5933 206.6216 206.8386 206.897 206.897 206.9035 207.0471 207.5486 207.0223 206.817 206.5925 206.5132 206.0299 205.9374 205.942 206.0883 206.735 206.897 206.897 206.897 206.897 206.897 206.897 206.897 207.019 207.599 207.8861 208.3493 208.9044 209.3527 209.7513 209.7233 209.0489 208.0205 207.1186 206.9574
