QGeoWEPP-demo/Example_Data/Agriculture/soils.asc
ncols         707
nrows         463
xllcorner     500000
yllcorner     4469379.89
cellsize      30
NODATA_value  -9999
[rows 350 to 419 of 463, columns 576 to 671 of 707]
33 33 33 33 33 33 33 33 33 33 33 33 33 33 33 33 33 33 33 34 34 1 1 1 1 33 1 1 1 1 14 14 14 14 14 14 14 14 14 14 14 14 14 1 1 1 1 1 14 14 29 29 2 9 9 9 9 9 9 9 5 9 9 9 9 9 9 4 4 4 2 2 2 5 5 5 5 5 5 5 5 10 10 2 20 20 20 20 20 20 2 2 2 2 13 13
33 34 34 34 34 34 34 33 33 33 33 33 33 33 33 34 34 34 34 34 34 33 33 33 33 1 1 1 1 1 14 14 14 14 14 14 14 14 14 14 14 14 14 1 1 1 14 14 14 8 29 29 2 9 9 9 9 9 9 9 9 9 9 9 9 9 9 9 2 9 5 5 9 9 9 9 9 9 9 9 5 5 10 2 2 2 2 2 2 2 2 6 6 2 2 2
34 34 34 34 34 34 34 34 6 6 33 33 33 33 33 34 34 33 34 34 33 33 33 33 1 1 1 1 1 1 14 14 14 14 14 14 14 14 14 14 14 14 14 14 14 14 14 14 14 1 8 8 2 2 9 9 9 9 9 9 9 5 9 9 9 9 9 9 9 5 5 9 9 9 9 9 9 9 9 9 9 9 5 2 2 12 2 2 2 2 6 6 6 6 2 2
34 34 34 34 34 34 6 6 6 6 6 33 33 33 33 33 33 34 34 34 33 33 33 1 1 1 1 1 1 1 14 14 14 14 14 14 14 14 14 14 14 14 14 14 1 1 14 14 1 1 8 8 2 2 9 9 9 9 9 9 9 5 9 9 9 9 9 9 5 5 9 9 9 9 9 9 9 9 9 9 9 9 9 5 2 12 12 2 6 6 6 6 6 6 6 2
34 34 34 34 34 15 15 15 15 15 6 6 33 33 33 33 33 34 34 33 33 33 1 1 1 1 1 1 1 1 1 14 14 14 14 14 14 14 14 14 14 1 1 1 1 1 14 14 1 1 8 8 8 2 9 9 9 9 9 9 9 5 9 9 9 9 9 9 5 9 9 9 9 9 9 9 9 9 9 9 9 9 9 9 2 12 12 2 2 6 6 6 6 6 6 2
34 34 34 33 15 15 15 15 15 15 15 15 15 33 33 33 33 33 34 33 33 33 1 1 1 1 1 1 1 1 1 14 14 14 14 14 14 14 14 14 1 1 1 1 1 1 1 1 1 1 8 8 8 2 2 9 9 9 9 9 9 5 9 9 9 9 9 5 5 9 9 9 9 9 9 9 9 9 9 9 9 9 9 9 2 12 12 12 2 2 2 6 6 6 6 6
33 33 33 15 15 15 15 15 15 15 15 15 15 33 33 33 33 33 34 34 33 33 1 1 1 1 1 1 1 1 1 1 14 14 14 14 14 1 1 1 1 1 1 1 1 1 1 1 1 1 1 8 8 8 2 9 9 9 9 9 9 5 5 9 9 9 5 5 9 9 4 4 4 4 4 9 9 9 9 9 9 9 9 9 2 12 12 12 2 2 2 6 6 6 6 6
34 33 33 33 33 33 34 34 34 34 34 34 34 33 33 33 33 33 1 1 33 1 1 1 1 1 1 1 1 1 1 1 14 14 14 14 1 1 1 14 14 14 1 1 1 1 1 1 1 1 1 8 8 8 2 2 9 9 9 9 9 9 9 5 5 5 5 9 2 2 2 4 4 4 4 4 9 9 9 9 9 9 9 5 2 2 4 4 2 2 2 2 6 6 6 6
34 34 33 33 33 33 34 34 34 34 34 34 34 33 33 33 33 33 1 1 33 1 1 1 1 1 1 1 1 1 1 1 14 14 14 14 14 14 14 14 14 14 14 14 1 1 1 1 1 32 32 8 8 8 8 2 2 9 9 9 9 9 9 9 9 9 2 2 2 2 2 2 2 4 4 4 4 9 9 9 9 9 9 9 2 4 4 4 4 2 2 2 6 6 6 6
34 34 33 33 33 34 34 34 34 34 34 34 35 33 33 33 33 33 1 1 33 1 1 1 1 1 14 1 1 1 1 14 14 14 14 14 14 14 14 14 14 14 14 1 1 1 1 32 32 32 32 8 8 8 15 2 2 2 2 2 2 2 2 2 2 2 2 2 2 2 2 2 2 4 4 4 4 9 9 9 9 9 5 9 9 2 4 4 4 4 2 2 6 6 6 6
33 33 33 33 34 34 34 35 35 35 35 35 35 33 33 33 33 33 33 1 33 33 1 1 1 14 14 14 1 1 14 14 14 14 14 14 14 14 14 14 14 1 1 1 1 1 1 32 32 8 8 8 15 15 15 15 15 2 2 2 2 2 2 2 2 2 2 2 2 2 2 2 2 2 4 4 4 9 9 9 9 5 9 9 9 2 4 4 4 4 2 2 6 6 6 6
33 33 33 33 33 33 34 35 35 35 35 35 35 33 33 33 33 33 34 1 33 33 33 33 14 14 14 14 14 1 14 14 14 34 14 14 14 14 14 14 14 1 1 1 1 1 1 1 8 8 15 15 15 15 15 15 15 15 2 2 15 15 2 2 2 2 2 2 2 16 16 16 16 16 4 4 4 9 9 9 9 5 9 9 9 2 4 4 4 4 2 2 6 6 6 6
33 34 33 33 33 33 34 35 34 34 35 35 34 33 33 33 33 33 34 34 33 34 33 33 33 1 1 14 1 1 1 14 34 34 14 14 14 14 14 14 14 1 1 1 1 8 8 8 8 15 15 15 15 15 15 15 15 15 15 15 15 15 15 15 2 2 2 2 16 16 16 16 16 16 4 4 4 9 9 9 9 9 9 9 9 4 4 4 4 4 2 2 2 2 6 6
34 34 34 33 33 33 34 35 34 35 35 35 34 33 33 33 33 33 34 34 34 34 33 33 1 1 1 1 1 1 1 34 34 34 34 14 34 14 14 14 14 1 1 1 8 8 8 8 8 8 15 15 15 15 15 15 15 15 15 15 2 2 2 2 2 2 2 16 16 16 16 16 9 9 9 9 9 9 9 9 5 9 9 9 2 4 4 4 4 4 2 2 2 2 6 6
34 34 34 34 35 35 34 35 34 34 35 35 34 33 33 33 33 33 34 34 34 34 34 33 34 1 1 1 1 33 33 33 34 34 14 14 34 34 1 1 1 1 1 1 8 8 8 8 8 15 15 15 15 15 15 15 15 15 15 2 2 2 2 2 5 5 5 9 9 9 9 9 9 9 9 9 9 9 9 5 2 2 9 9 9 2 2 4 4 4 2 2 2 6 6 6
34 34 34 35 35 35 35 35 35 34 35 34 34 34 33 33 33 33 34 34 34 34 34 34 34 1 1 1 1 33 33 34 34 34 34 34 34 1 1 1 1 1 1 1 8 8 8 8 15 15 15 8 8 15 15 15 15 2 2 2 9 9 9 5 9 9 9 5 9 9 9 9 5 5 5 9 9 9 5 2 4 2 9 9 9 9 2 4 4 4 2 2 6 6 6 6
34 34 34 35 35 34 34 34 34 34 34 34 34 34 34 34 33 33 34 34 34 34 34 34 34 34 34 34 34 33 33 34 14 14 34 34 34 1 1 1 1 1 1 1 1 1 1 1 1 1 8 8 2 2 2 2 2 15 2 9 5 5 5 9 9 9 9 9 9 9 9 5 9 9 9 9 5 2 2 4 4 2 9 9 9 9 9 2 4 4 2 2 6 6 6 6
34 34 34 35 35 34 34 34 34 34 34 34 34 1 34 6 33 33 34 34 34 34 34 34 34 34 34 34 34 33 33 34 14 14 14 34 14 1 1 1 1 1 1 1 1 1 1 1 1 1 8 8 2 2 2 2 2 2 2 9 5 9 9 9 9 9 9 9 9 5 5 9 9 9 9 9 2 2 4 4 4 2 2 2 9 9 9 9 9 2 2 2 6 6 6 6
34 34 34 35 34 34 34 34 34 34 34 1 1 1 1 6 33 33 34 34 33 34 34 34 34 34 34 34 34 33 33 34 14 14 14 14 14 14 14 1 1 1 1 1 1 1 1 1 1 1 8 8 8 8 8 8 8 2 2 9 5 9 9 9 9 9 9 9 9 9 9 9 9 9 9 9 2 4 4 4 4 4 4 4 4 2 9 4 4 9 2 2 2 6 6 6
33 33 34 35 34 34 34 34 34 34 34 1 1 1 1 6 33 33 33 33 33 34 34 34 34 34 34 34 33 34 33 34 14 14 14 14 14 14 14 1 1 1 1 1 1 1 1 1 1 1 1 8 8 8 8 8 8 2 2 9 9 9 9 9 9 9 9 9 9 9 9 9 9 9 9 9 9 4 4 4 4 4 4 4 4 4 2 2 4 9 2 2 2 6 2 6
33 33 34 35 35 34 34 34 34 34 35 35 35 35 35 6 33 33 33 33 34 34 34 33 33 33 34 33 33 34 34 33 34 14 14 14 14 14 14 1 1 1 1 1 1 1 1 1 1 1 1 8 8 2 2 2 2 2 2 2 9 5 9 9 9 9 9 9 9 9 9 9 9 9 9 9 2 4 4 4 4 4 4 4 4 4 4 2 4 9 9 2 2 2 2 2
34 33 34 34 35 34 34 34 34 35 35 35 35 35 35 35 33 33 33 33 33 34 34 33 33 33 33 33 33 33 34 33 34 14 14 14 14 14 14 1 1 14 1 1 1 1 1 1 1 1 8 8 8 8 2 2 2 2 2 2 9 9 5 9 9 9 9 9 9 9 9 9 9 9 9 9 2 4 4 4 4 4 4 4 4 4 4 2 9 9 9 9 2 2 2 2
34 34 34 34 34 35 35 35 34 35 35 35 35 6 6 6 33 33 33 33 33 34 34 34 34 33 33 33 33 33 34 33 34 34 34 34 14 14 14 14 14 14 1 1 1 1 1 1 1 1 8 8 8 6 6 6 2 2 16 16 2 9 9 9 9 9 9 9 9 9 9 9 9 9 9 9 2 4 4 4 4 4 4 4 4 4 4 2 9 9 9 9 9 9 9 9
34 34 34 34 34 35 35 35 34 35 35 35 35 6 6 6 6 33 33 33 33 34 34 34 34 33 33 33 33 33 34 34 33 33 33 34 14 14 14 14 14 1 1 1 1 1 1 1 1 1 8 8 6 6 6 6 2 2 16 16 2 3 9 9 9 9 9 9 9 9 9 9 9 9 9 2 4 4 4 4 4 4 4 4 4 4 4 4 2 9 9 9 9 9 9 9
34 34 34 34 34 35 35 35 35 35 35 35 35 34 34 6 6 33 33 33 33 34 34 34 34 33 33 33 33 33 34 33 33 33 34 34 14 14 14 14 1 1 1 1 1 1 1 1 1 1 1 6 6 6 6 6 2 2 16 16 2 3 10 9 9 9 5 9 9 9 9 9 9 2 2 4 4 4 4 4 4 4 4 4 4 4 4 4 2 2 2 9 9 9 9 9
35 34 35 34 34 35 35 35 35 35 35 34 34 34 34 34 34 33 33 33 33 33 33 34 34 33 33 33 33 33 34 34 34 33 1 1 14 14 14 14 1 1 1 1 1 1 1 1 1 1 6 6 6 6 6 2 2 2 16 16 2 3 10 10 9 9 5 9 9 9 9 4 4 4 4 4 4 4 4 4 4 4 4 4 4 4 12 2 2 8 2 2 2 2 2 2
35 35 35 35 35 35 35 35 34 35 35 35 34 34 34 34 34 34 33 33 33 33 34 34 34 33 33 33 33 33 33 34 33 1 1 1 14 14 14 1 14 14 14 1 1 1 1 1 1 1 6 6 6 6 6 2 2 16 16 16 2 3 3 10 9 9 5 9 9 9 9 4 4 4 4 4 4 4 4 4 4 4 4 12 12 12 12 2 8 8 7 7 2 2 2 2
35 35 35 35 35 35 35 34 34 35 35 35 35 34 34 34 34 34 34 33 33 33 34 33 33 33 33 33 33 34 34 33 33 33 1 1 1 14 14 14 14 14 14 1 1 1 1 1 1 6 6 6 6 6 2 2 2 16 16 16 2 3 3 10 10 9 9 9 9 9 9 9 4 4 4 4 4 4 2 2 2 2 29 29 12 12 12 2 2 8 7 7 7 7 7 2
35 35 35 35 35 35 35 34 34 34 34 35 35 34 34 34 34 34 34 33 33 33 33 33 34 33 33 33 33 33 33 33 33 33 33 1 1 14 14 14 14 14 1 1 1 1 1 1 1 6 6 6 2 2 2 2 16 16 16 16 2 3 3 3 10 9 9 9 9 9 9 9 9 4 4 4 4 4 4 2 2 2 29 29 29 12 12 2 2 2 2 7 7 7 7 2
35 35 34 34 34 34 35 34 34 34 34 35 35 34 34 34 34 34 33 33 33 33 33 34 34 34 33 33 33 33 33 33 33 33 33 1 14 14 14 1 14 14 1 1 1 1 1 1 1 6 6 6 2 2 2 13 13 16 16 16 2 3 3 3 10 10 9 9 9 9 9 9 9 9 9 2 2 4 4 4 4 4 17 10 10 10 10 10 10 2 2 2 7 7 2 2
35 35 34 34 34 34 35 34 34 34 35 35 34 34 34 34 35 35 33 33 33 33 33 34 34 34 33 34 34 34 34 33 33 33 1 1 1 14 1 1 1 1 1 1 1 1 6 6 6 6 6 6 2 2 13 13 3 3 16 16 2 3 3 3 10 10 5 5 9 9 9 9 9 9 9 9 9 9 2 17 17 17 17 10 4 4 4 5 10 10 2 2 2 2 2 27
35 35 34 34 34 34 34 34 34 34 35 35 34 34 34 35 35 35 33 33 33 33 33 33 33 33 33 34 34 34 34 34 34 34 1 1 1 1 1 1 1 1 1 1 6 6 6 6 6 6 6 6 2 13 13 3 3 3 16 16 2 3 3 3 10 10 10 10 9 9 9 9 9 9 10 10 9 9 9 9 9 9 9 10 4 4 4 5 5 10 10 10 10 2 27 27
35 34 34 34 34 34 34 34 34 34 35 35 35 35 35 35 35 34 34 33 33 33 33 33 33 33 33 34 34 34 34 34 34 34 1 1 33 1 1 33 33 1 1 1 6 6 6 8 6 6 6 2 2 13 3 3 3 3 16 16 2 2 3 3 10 10 10 10 5 9 9 9 9 9 10 10 10 9 9 9 9 9 9 9 4 4 4 5 5 5 10 10 10 10 10 27
35 34 34 34 34 34 34 34 34 35 35 35 35 35 35 35 34 34 33 33 33 33 33 34 33 33 33 34 34 34 34 33 33 34 34 33 33 1 33 1 1 1 1 1 8 8 8 8 2 2 2 2 2 13 3 3 3 3 3 3 4 2 3 3 10 10 10 10 5 9 9 9 10 10 10 10 10 10 10 10 9 9 9 9 9 4 4 27 5 5 5 5 10 10 10 10
34 34 34 34 34 34 34 34 35 35 35 35 35 35 35 35 35 34 33 33 33 33 33 34 34 34 34 34 34 33 33 33 33 33 33 33 33 33 33 1 1 1 1 1 8 8 8 8 2 2 2 2 2 13 13 3 3 4 4 4 4 2 3 3 10 10 10 10 5 9 9 9 9 10 10 10 10 9 9 9 9 9 9 9 9 9 4 27 5 5 5 5 5 5 5 10
34 34 34 34 34 34 34 35 35 35 35 35 35 35 35 35 34 34 33 33 33 33 33 34 34 34 34 34 34 33 33 33 33 33 33 33 33 33 1 1 1 1 1 1 8 8 8 8 8 8 8 2 13 13 13 3 3 4 4 4 4 16 3 3 10 10 10 10 5 9 9 9 9 10 10 10 10 9 9 9 9 9 9 9 9 9 9 27 27 5 5 5 5 5 5 5
34 34 34 34 34 34 35 35 35 35 35 35 35 35 35 35 34 34 34 33 33 33 34 34 34 34 34 34 34 34 33 33 33 33 33 33 33 33 33 33 33 1 1 1 1 1 1 1 1 8 8 2 13 3 3 3 3 4 4 4 4 16 2 3 10 10 10 10 5 9 5 5 9 9 5 10 10 9 9 9 9 9 9 9 9 9 9 9 27 27 5 5 5 5 5 5
34 34 34 35 35 35 35 35 35 35 35 35 35 35 34 34 34 34 33 33 33 33 34 34 34 34 33 33 33 34 34 33 33 33 33 33 33 33 33 33 1 1 1 1 1 1 1 1 1 1 1 2 2 3 3 3 3 4 4 4 4 16 2 3 3 10 10 10 10 5 5 9 9 9 10 10 9 9 9 9 9 9 9 9 9 9 9 9 27 27 27 5 5 5 5 5
34 34 34 35 35 35 35 35 35 35 35 35 34 34 34 34 34 33 33 33 33 33 33 34 33 33 33 33 33 33 1 1 1 33 33 33 33 33 33 1 1 33 1 1 1 1 1 1 1 1 1 2 2 3 3 3 3 4 4 4 16 16 4 3 3 3 10 10 10 10 9 9 9 5 10 10 10 10 9 9 9 9 9 9 9 9 9 9 27 5 27 5 5 5 5 5
34 34 35 35 35 35 35 35 35 35 35 35 34 34 34 34 34 33 33 33 33 33 33 33 33 33 33 33 33 1 1 1 1 33 33 33 33 33 33 33 33 33 33 1 1 1 1 1 1 1 1 2 3 3 3 3 4 4 4 4 16 4 4 3 3 3 3 3 10 10 9 9 9 5 9 10 10 9 10 9 9 9 9 9 9 9 9 27 5 5 5 27 5 5 5 5
35 35 35 35 35 35 35 35 35 35 35 35 34 34 34 34 34 33 33 33 33 33 33 33 33 33 33 33 33 33 33 33 1 33 33 33 33 33 33 33 33 33 33 1 1 1 1 1 1 1 1 2 2 3 3 3 4 4 4 16 16 4 4 3 3 3 3 3 3 10 10 9 9 9 9 9 9 9 9 9 9 9 9 9 9 9 9 27 5 5 5 5 27 5 5 5
35 35 34 34 34 34 34 34 34 34 35 35 34 34 34 34 34 33 33 33 33 33 33 33 33 33 33 33 33 33 33 1 1 1 33 33 33 33 33 33 33 33 33 1 1 1 1 2 2 2 2 2 2 3 3 3 4 4 3 16 3 3 3 3 3 3 10 3 3 3 3 10 9 5 9 9 5 5 5 5 5 5 5 9 9 9 27 27 5 5 5 5 27 27 5 5
35 34 34 34 34 34 34 34 34 34 34 35 35 34 34 34 34 33 33 33 33 33 33 33 33 33 33 33 1 1 1 1 33 33 33 33 33 33 33 33 33 33 33 7 1 1 1 1 2 2 2 2 2 3 3 3 3 3 3 3 3 4 4 3 3 3 10 10 3 3 3 3 10 10 9 5 5 9 9 9 9 9 9 5 9 9 27 5 5 5 5 5 5 27 27 5
35 35 35 34 34 34 34 33 34 34 34 34 35 34 34 34 33 33 33 33 33 33 33 33 33 33 33 33 33 1 1 1 33 33 33 33 33 33 34 33 33 33 7 7 1 1 1 1 1 2 2 2 2 3 3 3 3 3 3 3 4 4 4 4 4 3 3 10 10 10 10 3 3 10 10 9 10 9 9 9 9 9 9 9 5 27 27 5 5 5 5 5 5 5 27 27
35 35 34 34 34 34 34 33 33 34 34 34 33 33 33 33 33 33 33 33 33 34 34 34 34 33 33 33 33 33 33 34 34 34 33 33 33 34 34 34 33 33 7 7 7 1 1 1 1 2 2 2 2 3 3 3 3 3 3 3 4 4 4 4 4 3 3 3 10 10 3 3 10 10 4 3 3 10 10 10 9 9 9 9 9 27 27 5 5 5 5 5 5 5 5 27
35 34 34 34 33 33 33 33 33 34 34 34 33 33 33 33 33 33 33 33 34 34 34 34 34 34 34 34 33 33 33 34 34 34 33 33 34 34 34 34 33 33 7 7 7 7 1 1 1 2 2 2 2 2 3 3 3 3 3 3 4 4 4 4 4 4 3 3 3 3 3 3 10 10 4 3 3 10 10 10 10 10 9 9 9 5 27 5 5 5 5 5 5 5 5 27
35 34 34 33 34 33 33 33 33 33 34 34 33 33 33 33 33 33 33 33 34 34 34 34 34 34 34 34 34 34 34 34 34 34 34 34 34 34 33 33 33 33 7 7 7 7 2 2 2 2 2 2 2 2 3 3 3 3 3 3 4 4 4 4 4 4 4 3 3 3 3 3 10 10 4 3 3 10 10 3 10 10 10 9 9 5 27 27 5 5 5 5 5 5 5 27
35 35 34 33 34 34 34 33 33 33 33 33 33 33 33 33 33 33 33 33 34 34 34 34 34 34 34 34 34 34 34 34 37 34 34 34 33 33 33 33 33 33 7 7 7 2 2 2 2 2 2 2 2 2 3 3 3 3 3 3 3 4 4 4 4 4 4 4 4 4 3 4 4 4 2 2 2 3 3 3 3 10 10 10 9 9 5 27 5 5 5 5 5 5 5 27
34 35 35 33 33 34 34 33 33 33 33 33 33 33 33 33 33 33 33 33 34 34 34 34 34 34 34 34 34 34 34 34 37 37 37 34 34 37 37 8 33 33 7 7 7 8 8 8 2 2 2 2 2 2 2 3 3 3 3 3 3 3 4 4 4 4 4 4 4 4 4 4 4 4 4 4 2 2 2 2 3 3 10 9 9 9 5 27 27 5 5 5 5 5 5 5
35 35 35 34 33 34 34 33 33 33 33 33 33 33 33 33 33 33 33 33 33 33 34 34 34 34 34 34 34 34 34 34 37 37 37 37 34 37 8 8 33 33 7 32 32 8 8 8 2 2 2 2 2 2 2 2 3 3 3 3 3 3 3 3 4 4 4 4 4 4 4 4 4 4 4 4 4 4 4 4 2 3 10 9 9 9 9 5 27 27 27 27 27 27 27 27
34 34 35 33 33 34 34 33 33 33 33 33 33 33 33 33 33 33 33 33 33 33 34 34 34 34 34 34 34 34 34 34 37 37 37 37 37 8 8 8 32 32 32 32 8 8 8 2 2 2 2 2 38 2 2 2 2 2 3 3 13 13 3 3 4 4 4 4 4 4 4 4 4 4 4 4 4 4 4 4 2 3 10 9 9 9 9 9 5 5 27 27 27 5 5 27
34 34 33 33 33 33 34 33 33 33 33 33 33 33 33 33 33 33 33 33 33 33 33 34 34 34 39 39 39 34 34 6 6 37 37 37 8 8 8 8 32 32 32 8 8 8 2 2 2 2 2 38 38 2 38 38 2 2 2 2 2 2 3 26 26 4 4 4 4 4 4 4 4 4 4 4 4 4 4 4 2 9 10 9 9 9 9 9 9 5 5 9 9 9 9 5
33 34 33 33 33 33 33 33 33 33 33 33 33 33 33 33 33 33 33 33 33 33 33 34 34 34 39 39 39 39 6 6 6 6 37 8 8 8 8 8 8 8 8 8 2 2 2 2 2 2 38 38 38 38 38 38 38 2 2 2 2 2 2 26 26 26 4 4 4 4 4 26 4 4 4 4 4 4 4 4 2 9 10 9 9 9 9 9 9 9 9 9 9 9 9 9
33 34 34 33 33 33 33 33 33 33 33 33 33 33 33 33 33 33 33 33 33 33 33 34 34 34 39 39 39 39 6 6 6 6 8 8 8 8 8 8 8 8 8 2 2 2 2 2 39 39 38 38 38 23 38 38 38 38 2 2 7 2 2 26 26 26 4 4 4 4 4 26 4 4 4 4 4 4 4 4 2 9 10 9 9 9 9 9 9 9 9 9 9 9 9 9
33 34 34 33 33 33 33 33 33 33 33 33 33 33 33 33 33 33 33 33 33 33 33 33 34 34 34 39 39 6 6 6 6 8 8 8 8 2 8 2 8 8 2 2 2 2 2 39 39 39 38 38 23 23 23 23 38 38 7 7 7 2 2 26 26 26 26 4 4 4 26 26 4 4 4 4 4 4 4 4 4 9 10 9 9 9 9 9 9 9 9 9 9 9 9 9
33 33 33 33 33 33 33 33 33 33 33 33 33 33 33 33 33 33 34 33 33 33 33 33 33 34 34 34 39 39 6 6 8 8 8 8 2 2 2 8 8 2 2 2 2 2 2 2 2 39 38 38 23 23 23 23 23 38 7 7 7 7 2 26 26 26 26 26 4 4 26 26 4 4 4 4 4 4 4 4 4 3 10 10 10 10 9 9 9 9 9 9 9 9 9 9
33 33 33 33 33 33 33 33 33 33 33 33 33 33 33 33 33 34 34 34 33 33 33 33 33 33 34 40 40 40 40 17 17 17 17 17 17 17 2 8 2 2 2 2 39 39 39 2 2 39 39 39 23 23 23 23 23 23 7 7 7 7 7 2 2 2 2 2 2 26 26 26 4 4 4 4 4 4 4 4 2 3 10 10 10 10 9 9 9 9 9 9 9 9 9 9
33 33 33 33 33 33 33 33 33 33 33 33 33 33 33 33 33 34 34 34 33 33 33 33 33 33 40 40 40 40 39 17 17 17 17 17 17 17 2 2 2 2 2 2 39 39 39 39 39 39 39 23 23 23 23 23 23 23 7 7 7 7 7 8 2 2 8 2 2 2 26 26 4 4 4 4 4 4 4 4 2 3 10 10 10 10 10 9 9 9 9 9 9 9 9 9
33 33 33 33 33 34 34 33 33 33 33 33 33 33 33 33 34 34 34 34 33 33 33 33 40 40 40 40 39 39 39 39 39 19 19 19 17 17 2 2 2 2 39 2 39 39 39 39 39 23 23 23 23 23 23 23 23 23 23 7 7 7 8 8 8 8 8 8 8 2 2 26 26 26 4 4 4 4 4 4 2 3 10 10 10 10 10 10 9 9 9 9 9 9 9 9
33 33 33 33 33 34 34 34 34 33 33 33 33 33 33 34 34 34 34 34 33 33 33 33 40 40 40 40 39 39 39 39 19 19 19 19 19 17 17 2 2 39 39 39 39 39 39 39 23 23 23 23 23 23 23 34 34 23 23 23 7 8 8 8 7 7 7 8 8 2 26 26 26 26 26 4 4 4 4 4 3 3 10 10 10 10 10 10 9 9 9 9 9 9 9 9
33 33 33 33 33 33 34 34 34 33 33 33 34 34 34 34 34 34 34 34 33 33 33 33 40 40 40 40 40 40 39 39 19 19 19 19 19 17 17 39 39 39 39 39 23 23 39 23 23 23 23 23 23 34 34 34 34 34 23 23 7 7 7 7 7 7 7 7 8 2 26 26 26 26 26 26 4 4 4 2 3 3 10 10 10 10 10 10 10 9 9 9 9 9 9 5
33 34 34 34 34 33 34 34 34 33 33 34 34 34 34 34 34 34 34 34 34 33 33 33 40 40 40 40 40 40 39 39 19 19 19 19 19 17 17 39 39 38 38 23 23 23 23 23 23 23 23 23 34 34 34 34 34 34 23 23 23 7 7 7 7 7 7 7 7 2 26 26 26 26 26 26 4 4 4 2 3 3 10 10 10 10 10 10 10 10 9 9 9 9 9 5
33 34 34 34 34 33 34 34 34 34 34 34 34 34 34 34 34 34 34 34 34 33 33 33 33 40 40 40 40 39 39 39 19 19 19 19 19 17 17 39 39 38 38 23 23 23 23 23 23 23 23 23 23 34 34 34 34 34 23 23 23 7 7 7 7 7 7 7 7 2 26 26 26 26 26 26 4 4 4 2 3 3 10 10 10 10 10 10 10 10 9 9 9 9 5 9
33 33 34 34 34 34 33 34 34 34 34 34 34 34 34 34 34 34 34 34 34 33 33 33 33 39 40 40 39 39 39 19 19 19 19 19 19 17 17 17 39 38 38 23 23 23 23 23 23 23 23 23 23 34 34 34 34 34 6 23 7 7 7 7 7 7 7 7 22 2 26 26 26 26 26 26 5 5 5 5 5 5 3 10 5 10 10 10 10 10 10 10 9 9 5 9
33 33 34 34 34 34 33 34 34 34 34 34 34 34 34 34 34 19 19 19 34 34 19 39 39 39 39 39 39 39 39 19 19 19 19 19 19 17 17 17 39 39 38 38 38 23 23 23 23 23 23 23 23 34 34 34 34 34 6 6 7 7 7 7 7 22 22 22 22 2 26 26 26 16 16 16 5 5 5 5 5 5 5 5 5 5 5 5 5 5 5 5 10 9 5 9
34 34 34 34 34 34 33 33 34 34 34 34 34 34 34 19 19 19 19 19 19 19 19 19 19 39 39 39 39 39 19 19 19 19 19 19 19 19 17 17 17 39 39 38 38 38 23 23 23 23 23 23 23 34 34 34 34 34 34 6 6 7 7 7 22 22 22 22 22 2 26 26 16 16 16 16 5 5 5 5 5 5 5 5 5 5 5 5 5 5 5 5 10 9 9 9
34 34 34 34 34 34 33 34 34 19 19 19 34 34 19 19 19 19 19 19 19 19 19 19 19 39 39 39 39 39 19 19 19 19 19 19 19 19 42 17 39 39 39 38 38 38 23 23 23 23 23 23 34 34 34 34 34 34 34 6 6 6 6 6 6 22 22 22 22 2 2 26 16 16 16 5 5 5 5 5 5 5 5 5 5 5 5 5 5 5 5 5 5 9 9 9
44 44 44 44 44 44 44 44 44 44 19 34 34 19 19 19 19 19 19 19 19 19 19 19 19 19 39 39 39 39 39 19 19 19 19 19 19 19 42 42 39 39 39 39 38 38 38 38 38 23 23 34 34 34 34 34 34 34 34 6 6 6 6 6 6 6 6 6 6 6 2 26 16 16 16 5 5 5 5 5 5 5 5 5 5 5 5 5 5 5 5 5 10 9 5 9
44 44 44 44 44 44 44 44 44 44 19 42 19 19 19 19 19 19 19 19 19 19 19 19 19 19 39 39 39 39 39 39 39 19 19 19 19 43 42 42 42 39 39 39 38 38 38 38 38 38 34 34 34 34 34 34 34 34 34 38 6 6 6 6 2 2 2 2 2 2 2 2 26 26 26 26 26 26 5 5 5 5 5 5 5 5 5 5 5 5 5 10 10 5 5 9
44 44 44 44 44 44 44 44 44 44 42 42 45 19 19 19 19 19 19 19 19 19 19 19 19 19 39 39 39 39 39 39 39 19 19 19 19 43 42 42 42 42 19 19 19 38 38 38 38 34 34 34 34 34 34 34 34 34 34 38 38 38 6 6 2 2 2 2 2 2 2 2 26 26 26 26 26 26 26 10 10 10 10 10 5 5 5 5 5 5 10 10 5 5 9 9
