QGeoWEPP-demo/Example_Data/Agriculture/soils.asc
ncols         707
nrows         463
xllcorner     500000
yllcorner     4469379.89
cellsize      30
NODATA_value  -9999
[rows 70 to 139 of 463, columns 96 to 191 of 707]
6 6 6 6 1 1 1 1 1 1 1 6 6 6 6 6 6 6 6 6 22 22 22 6 6 22 46 46 46 6 6 6 6 6 6 6 1 14 1 1 1 67 67 6 67 67 6 6 34 34 34 34 39 39 39 37 37 45 45 45 45 45 45 39 57 57 57 57 42 42 42 42 57 57 57 57 57 34 34 34 34 34 34 23 23 23 23 34 34 34 34 33 23 23 23 34
6 6 6 6 6 6 6 22 1 22 22 6 6 6 6 6 6 6 6 6 22 22 22 6 6 46 46 46 46 6 6 6 6 6 6 6 1 14 1 1 1 67 67 67 6 6 6 6 34 34 34 34 39 39 39 37 45 45 45 39 45 45 39 39 57 57 57 46 46 42 42 42 57 57 57 57 34 34 34 34 34 34 34 34 34 23 23 33 33 33 33 33 23 23 23 23
46 6 6 6 6 6 6 6 22 22 22 6 6 6 6 6 6 6 46 6 22 22 6 6 46 46 46 46 6 6 6 6 6 6 6 1 1 14 1 1 14 14 6 6 6 6 6 6 34 34 34 39 39 39 67 67 45 45 39 39 39 39 39 39 57 39 39 39 46 46 46 46 46 46 57 42 34 23 23 23 23 34 34 34 34 23 23 33 33 33 33 33 23 23 33 34
46 46 6 6 6 6 6 6 22 22 22 22 6 6 6 6 6 6 46 6 22 22 6 6 46 46 46 6 6 6 6 1 6 6 6 1 1 14 1 14 14 6 6 6 6 6 6 6 34 34 39 39 39 67 67 39 39 39 39 39 39 39 39 39 39 39 39 39 5 5 46 46 46 46 42 42 23 23 23 23 23 23 34 34 23 23 23 23 23 23 23 23 33 33 33 33
46 46 46 6 6 6 6 6 22 22 22 22 22 6 6 6 6 6 46 6 6 6 6 46 46 46 46 6 6 6 1 1 22 6 6 6 1 14 14 6 6 6 6 6 14 14 14 6 34 39 39 39 39 39 39 39 39 39 39 39 39 39 39 39 39 39 39 5 5 5 5 46 46 42 42 23 23 23 23 23 23 23 34 34 23 23 23 23 23 23 23 33 33 33 33 33
6 46 46 46 46 6 6 6 22 22 22 22 22 6 6 6 6 6 46 12 12 12 46 46 46 46 6 6 6 6 1 1 22 22 6 6 1 14 6 6 6 6 14 14 34 34 34 34 39 39 39 39 39 39 39 39 39 39 39 39 39 39 39 39 39 39 5 5 5 5 5 42 42 42 23 23 23 23 23 23 23 23 23 23 23 23 23 33 33 33 33 33 34 33 34 33
6 6 6 46 46 6 6 6 22 22 22 22 22 6 6 6 6 6 46 46 12 12 46 46 46 46 6 6 22 1 1 1 22 22 22 1 1 14 14 6 14 14 34 34 34 34 39 39 39 39 39 39 39 39 39 39 45 45 39 39 39 39 39 39 39 39 5 5 5 5 46 42 42 42 42 23 23 23 23 23 23 23 23 23 23 23 33 33 33 33 33 33 34 34 34 34
6 6 6 6 46 46 6 6 22 22 22 22 22 8 6 6 6 6 6 46 46 46 46 46 46 6 6 22 22 1 1 1 22 22 1 14 14 14 14 23 14 14 34 34 34 39 39 39 39 39 39 39 39 39 39 45 45 39 39 39 39 39 5 5 5 5 5 5 5 5 42 42 42 42 23 34 34 23 23 23 23 23 23 23 23 23 33 33 34 34 34 34 34 34 34 34
8 8 6 6 6 46 6 6 22 22 22 22 22 8 8 8 6 6 6 46 46 46 46 46 6 6 22 22 22 1 14 1 1 1 14 14 14 14 23 23 23 14 14 14 37 37 37 37 39 39 39 39 39 39 39 39 39 39 39 39 5 5 5 5 5 5 5 5 5 46 42 42 42 40 34 34 34 23 23 23 23 23 23 23 23 33 33 34 34 34 33 33 34 34 34 34
6 8 8 6 6 46 46 6 22 22 22 22 22 8 8 8 8 18 46 46 46 46 46 6 6 22 22 22 1 1 14 1 1 14 34 34 34 14 23 23 23 23 23 23 37 37 46 37 39 39 39 39 39 39 39 39 39 39 39 5 5 5 5 5 5 5 5 5 46 42 42 40 40 40 34 34 34 34 23 23 23 23 23 33 33 33 33 33 33 33 33 34 34 34 34 34
6 6 6 6 6 46 46 6 6 22 22 22 22 22 22 18 18 18 46 46 46 46 6 6 22 22 1 1 1 1 1 14 14 14 34 34 34 34 34 23 23 23 23 23 37 46 46 37 39 39 39 39 39 39 39 39 39 39 39 5 5 5 5 5 5 5 46 46 42 42 40 40 40 34 34 34 34 34 23 23 23 23 23 23 33 33 33 33 33 33 33 33 34 34 23 34
6 6 6 6 6 6 46 6 6 22 22 8 8 8 8 18 18 46 46 46 46 6 6 1 1 1 1 1 1 1 1 14 14 34 23 23 23 23 23 39 39 23 23 23 37 46 46 37 39 39 39 39 39 39 39 39 5 5 5 5 5 5 5 5 5 46 46 42 42 40 40 40 23 34 34 34 34 34 23 23 23 23 23 23 34 34 34 34 33 33 33 33 34 23 23 23
6 6 6 6 6 6 46 46 6 6 6 8 8 8 8 18 46 46 46 46 46 6 1 1 1 1 1 1 1 1 14 14 34 34 23 23 23 23 23 39 23 23 23 23 37 37 5 5 5 5 39 39 39 5 5 5 5 5 5 5 5 5 5 5 5 46 42 42 42 40 40 40 23 23 34 34 34 34 34 23 23 23 23 23 34 34 34 34 33 33 33 33 23 23 23 34
6 6 6 6 6 6 6 46 46 6 6 6 8 8 8 46 46 46 46 46 6 39 1 1 1 23 23 1 1 14 14 34 34 34 23 23 23 23 39 39 23 23 23 39 5 5 5 5 5 5 39 39 39 5 5 5 5 5 5 5 5 5 5 5 46 42 42 42 40 40 40 23 23 23 34 34 34 34 34 34 23 23 23 34 34 34 34 34 33 33 33 33 33 33 34 34
6 6 6 46 46 6 6 6 46 46 6 8 8 6 6 46 46 46 46 6 39 39 39 1 1 1 23 23 23 14 14 34 34 23 23 23 23 39 39 23 23 39 39 39 5 5 5 5 5 5 39 39 39 5 5 5 5 5 5 5 5 5 5 46 42 42 42 42 40 40 23 23 23 23 34 34 34 34 34 34 34 34 34 34 34 34 34 34 33 33 33 33 33 33 23 23
6 6 6 46 46 46 46 6 46 46 6 8 6 6 46 46 46 46 46 6 39 39 39 39 1 1 23 23 23 14 14 34 34 34 34 34 39 39 39 23 23 39 39 5 5 5 5 5 5 39 39 39 39 39 39 39 5 5 5 5 5 5 46 46 42 42 42 42 23 23 23 23 33 34 34 34 34 34 34 34 34 34 34 34 34 34 34 34 34 33 33 33 34 34 34 23
22 22 8 8 8 6 46 46 46 46 6 8 6 6 46 46 46 46 6 39 39 39 39 39 39 1 1 23 23 14 14 34 34 34 34 39 39 39 39 39 39 39 39 5 5 39 5 5 39 39 39 39 39 39 5 5 5 5 5 5 5 46 46 42 42 40 40 42 23 23 33 33 33 33 34 34 34 33 33 33 34 34 34 34 34 34 34 34 34 33 33 33 34 34 34 34
22 22 8 8 8 8 8 46 46 46 6 6 6 46 46 46 46 6 39 39 39 39 39 39 39 39 39 23 23 14 14 34 34 34 34 39 39 39 39 39 39 39 5 5 5 5 39 39 39 39 5 39 39 5 5 5 5 5 5 5 46 46 42 42 40 40 23 23 23 23 23 23 23 33 33 33 33 33 33 33 33 34 34 34 33 33 34 34 34 34 34 34 34 34 34 34
22 22 22 8 8 8 8 6 46 46 46 6 46 46 46 46 40 40 40 40 39 38 38 38 38 38 39 39 39 14 14 39 39 39 39 39 39 39 39 39 46 5 5 5 5 5 5 5 5 5 5 5 5 5 5 5 5 5 5 5 46 42 40 40 40 23 23 23 23 34 34 23 23 23 34 33 33 33 34 34 34 33 33 33 33 33 33 34 34 34 34 34 23 23 34 34
22 22 22 22 22 8 8 6 46 46 46 46 46 46 46 46 40 40 40 40 38 38 38 38 38 39 39 39 39 46 39 39 39 39 39 39 39 46 46 46 46 5 5 5 5 5 5 5 5 5 5 5 5 5 5 5 5 5 46 46 42 42 40 40 23 23 23 23 23 34 34 34 23 23 34 34 34 33 34 34 34 34 34 33 34 34 33 33 34 34 34 34 23 23 34 34
6 22 22 22 22 22 6 6 46 46 46 46 46 46 46 46 40 40 40 39 39 39 39 39 39 39 39 57 39 46 46 46 46 46 46 46 46 46 46 46 46 5 5 5 5 5 5 5 5 5 46 46 5 5 5 46 46 46 46 42 40 40 40 40 23 23 23 23 23 23 34 34 34 23 34 34 34 34 34 34 34 34 34 34 34 34 34 34 34 34 34 34 23 23 23 23
6 6 6 6 22 6 6 6 46 46 46 46 46 46 46 40 40 40 39 39 39 39 39 39 39 39 57 57 57 46 46 46 46 46 46 46 40 40 40 40 40 40 40 40 40 5 5 46 46 46 46 46 46 46 46 46 39 39 39 39 39 39 39 39 23 23 23 23 23 23 34 34 34 34 34 34 34 34 34 34 34 34 34 34 34 34 34 34 34 34 34 34 23 23 23 23
6 6 6 6 6 6 6 46 46 46 46 46 46 46 40 40 40 40 39 39 39 57 57 57 57 57 57 57 57 46 46 46 46 46 46 46 46 40 40 40 40 40 40 40 40 5 5 46 46 46 46 46 46 46 46 46 39 46 46 46 46 46 39 39 23 23 39 39 23 23 23 34 34 34 34 34 34 34 34 34 34 34 34 34 34 34 34 34 34 34 34 34 23 23 23 23
6 6 6 46 46 46 46 46 46 46 46 46 46 46 46 40 40 57 57 57 57 57 57 57 57 57 57 57 57 46 46 46 46 46 46 42 40 40 40 40 40 40 40 40 42 42 5 46 46 46 46 34 34 34 46 46 46 46 46 46 46 46 46 39 39 39 39 39 23 23 23 23 34 34 34 34 34 34 34 34 34 34 34 34 34 34 34 34 34 23 23 23 23 23 23 23
22 22 6 6 6 6 46 46 46 46 46 46 46 46 46 46 57 57 57 57 57 57 57 57 57 57 57 57 57 57 46 46 46 42 42 42 46 40 40 40 40 40 42 42 42 5 5 46 46 46 19 34 34 34 34 34 34 34 34 34 34 46 46 46 39 39 39 39 39 39 23 23 23 34 34 34 34 34 34 34 34 34 34 34 34 34 34 34 23 23 23 23 34 23 23 23
22 22 22 22 6 6 40 40 40 57 46 57 57 46 57 46 57 57 57 57 57 57 57 57 57 57 57 57 57 57 57 42 42 42 42 46 46 40 40 40 40 42 42 42 57 46 46 46 19 19 19 34 34 34 34 34 34 34 34 34 34 34 34 46 35 39 39 39 39 39 39 23 23 23 23 23 34 23 23 23 23 34 34 34 34 34 34 34 23 23 23 23 34 34 23 23
6 6 22 22 22 6 40 40 40 57 57 57 57 57 57 57 57 57 57 57 57 57 57 57 57 57 57 57 42 42 42 42 42 42 42 46 46 40 40 40 40 5 5 5 57 46 19 19 19 19 34 34 34 34 34 34 23 23 34 34 23 34 34 34 35 35 35 35 39 39 39 23 23 23 39 39 23 23 23 23 23 23 34 34 34 34 34 34 34 23 23 23 34 34 34 33
6 6 6 22 22 6 6 40 40 57 57 57 57 57 57 57 57 57 57 57 57 57 57 57 57 57 42 42 42 42 42 42 42 42 42 46 46 40 40 42 42 5 5 5 57 57 19 19 19 34 34 34 34 34 34 34 34 23 23 23 23 34 34 34 37 35 35 35 39 39 35 23 39 39 39 39 23 23 23 35 23 23 34 34 34 34 34 35 34 23 23 23 34 33 33 34
6 6 6 6 6 6 6 40 57 57 57 57 57 57 57 57 57 57 57 57 57 57 57 57 57 39 39 42 42 42 42 42 42 48 48 48 48 40 42 42 42 5 5 5 57 19 19 19 19 34 34 34 34 34 34 34 34 34 23 23 23 23 34 34 37 37 35 35 35 35 35 35 39 39 39 35 35 35 23 35 23 23 23 23 34 34 35 35 35 35 23 34 33 33 33 34
6 6 6 6 6 6 57 57 57 57 57 57 57 57 57 57 57 57 57 57 57 57 57 57 39 39 39 39 39 39 42 42 42 48 48 48 48 42 42 42 57 57 57 57 19 19 19 19 34 34 34 34 34 34 34 34 34 34 34 23 23 23 34 34 34 37 37 37 37 35 35 35 35 35 35 35 35 35 23 35 35 35 23 35 35 35 35 35 35 35 34 34 34 34 34 34
6 6 6 6 6 3 57 57 57 57 57 57 57 57 57 57 57 57 57 57 57 57 57 57 39 39 39 39 39 39 39 39 39 39 39 48 48 42 42 42 57 57 57 19 19 19 19 19 34 34 34 34 34 34 34 34 34 34 34 34 23 23 23 34 23 23 34 37 37 35 35 35 35 35 35 35 35 35 35 35 35 35 35 35 35 23 23 23 23 23 23 23 23 23 23 23
6 6 3 3 3 3 57 57 57 57 57 57 57 57 57 57 57 57 57 57 57 57 57 57 39 39 39 39 39 39 39 39 39 39 39 39 42 42 42 57 57 57 57 19 19 19 42 42 42 34 34 34 34 34 34 34 34 34 34 34 34 23 23 23 23 23 23 23 34 34 34 34 34 35 34 34 34 34 35 35 35 35 35 35 34 23 34 34 34 23 23 23 23 23 23 23
6 6 3 3 3 3 57 57 57 57 57 57 57 57 57 57 57 57 57 57 57 57 57 57 39 39 39 39 39 39 39 39 39 39 39 39 39 57 57 57 57 57 57 57 19 19 42 42 42 34 34 34 34 34 34 34 23 23 23 34 34 34 23 23 23 23 23 23 34 34 34 34 34 34 34 34 34 34 34 23 35 35 35 35 35 34 34 34 34 34 34 34 34 34 34 33
6 6 43 3 3 3 57 57 57 57 57 57 57 57 57 57 57 57 57 57 57 57 46 46 39 39 39 39 39 39 39 39 39 39 39 39 57 57 57 40 40 40 57 57 57 57 42 42 42 34 34 34 34 34 34 23 23 23 23 23 34 34 34 34 23 23 23 34 34 34 34 23 23 34 34 34 34 34 34 34 23 23 35 35 35 35 34 34 33 34 34 34 34 34 34 33
6 6 43 3 3 3 57 57 57 57 57 27 27 27 57 57 57 57 57 57 57 46 46 39 39 39 39 39 39 39 39 39 39 39 39 39 57 57 40 40 40 34 34 34 34 57 57 42 42 34 34 34 34 34 34 23 23 23 23 23 34 34 34 34 34 23 23 34 34 34 23 23 23 34 33 33 23 23 34 34 23 23 23 35 35 35 34 34 33 33 33 33 34 34 34 34
43 43 43 3 3 3 57 57 57 57 57 27 27 27 57 57 57 57 57 57 57 39 39 39 39 39 39 39 39 39 39 39 39 39 39 57 57 40 40 40 40 34 34 34 34 34 34 46 46 42 34 34 34 34 34 34 34 23 23 23 23 23 34 23 34 23 23 34 34 34 23 23 23 34 34 33 33 23 23 23 23 23 23 23 35 35 35 33 33 33 33 33 33 34 34 33
43 43 43 3 3 3 57 57 57 40 40 27 27 27 57 57 57 57 57 57 39 39 39 39 39 39 39 39 39 39 39 39 39 39 39 57 57 40 40 40 34 34 34 34 34 34 34 34 46 34 34 34 34 34 34 34 23 23 23 23 23 23 23 23 23 23 23 34 34 23 23 23 23 23 34 34 33 33 33 23 23 23 23 23 23 23 33 33 33 33 33 33 33 33 33 33
3 3 3 3 3 3 57 57 40 40 40 40 40 40 57 57 57 57 57 57 39 39 39 30 30 30 39 39 39 39 39 39 39 57 57 57 23 23 40 40 34 34 34 23 29 29 29 29 46 46 34 34 34 34 34 34 34 34 34 23 23 23 23 23 23 23 23 34 34 23 23 23 23 23 23 23 33 33 33 33 33 23 23 23 23 23 33 33 33 33 33 33 33 33 33 33
3 3 3 3 3 57 57 57 40 40 40 40 40 40 57 57 57 57 57 39 39 39 39 39 30 39 39 39 39 39 39 57 57 57 57 23 23 23 23 23 23 23 23 23 29 29 29 29 29 46 46 34 34 34 34 34 34 34 34 34 34 23 23 23 23 23 23 34 34 34 23 23 23 23 23 23 23 23 23 23 33 33 23 23 23 23 33 33 33 33 33 33 33 33 33 33
43 3 3 3 57 57 57 57 40 40 40 40 40 40 57 57 57 57 39 39 39 39 39 39 39 39 39 39 39 57 57 57 57 57 23 23 23 29 29 29 29 29 29 29 29 29 29 29 29 46 46 34 34 23 23 23 34 34 34 34 34 34 23 23 23 23 23 34 34 34 23 23 23 23 23 23 23 23 23 23 23 33 33 23 23 23 23 33 33 33 33 33 33 33 33 33
3 3 3 57 57 57 40 57 57 40 40 40 57 57 57 57 57 57 39 39 39 39 39 39 39 39 39 57 57 57 57 57 57 23 23 23 23 29 29 29 29 29 29 29 29 29 29 29 29 29 46 46 34 34 23 23 34 34 34 34 34 34 34 34 34 23 34 34 34 29 29 29 29 29 29 29 29 23 23 23 23 23 33 33 23 23 23 33 33 33 33 33 33 33 33 33
3 3 3 3 57 57 40 40 40 57 57 57 57 57 57 57 57 39 39 39 39 57 57 57 57 57 57 57 57 57 57 57 23 23 23 23 23 29 29 29 29 29 29 29 29 29 29 29 29 29 29 46 46 34 34 23 34 34 34 34 34 34 34 34 29 29 29 29 29 29 29 29 29 29 29 29 29 23 23 23 23 23 33 33 33 23 23 23 33 33 33 33 33 33 30 30
3 3 3 3 57 40 40 40 40 40 57 57 57 39 57 57 39 39 39 39 57 57 57 57 57 23 23 23 23 57 57 23 23 23 23 23 23 29 29 29 29 29 29 29 29 29 29 29 29 29 29 6 46 46 34 34 34 34 34 34 34 34 34 34 29 29 29 29 29 29 29 29 29 29 29 29 29 23 23 23 23 23 23 33 33 23 23 23 23 33 33 33 33 33 33 30
3 3 3 57 57 40 40 40 40 40 57 57 39 39 39 57 39 39 57 57 57 57 57 57 34 57 57 57 23 23 23 23 23 23 23 23 23 29 29 29 29 29 29 29 29 29 29 29 29 29 29 6 6 46 46 34 34 34 34 34 34 34 34 34 29 29 29 29 29 29 29 29 29 29 29 29 29 29 23 23 23 23 23 33 33 33 23 23 23 33 33 33 33 33 33 30
3 3 3 57 57 40 40 40 40 57 57 39 39 39 39 39 57 57 57 57 57 57 57 57 34 34 23 23 23 23 23 23 23 23 23 23 23 29 29 29 29 29 29 29 29 29 29 29 29 29 29 1 6 6 46 46 34 34 34 34 34 34 34 34 29 29 29 29 29 29 29 29 29 29 29 29 29 29 23 23 23 23 23 33 33 33 33 23 23 33 33 33 33 33 33 30
3 3 3 57 40 40 40 57 57 57 39 39 39 39 39 57 57 57 57 57 57 57 34 34 34 34 34 23 23 23 23 23 23 23 23 23 23 29 29 29 29 29 29 29 29 29 29 29 29 29 29 1 1 6 6 46 34 34 34 34 34 34 34 34 29 29 29 29 29 29 29 29 29 29 29 29 29 29 23 23 23 23 23 33 33 33 33 33 33 33 33 33 33 33 33 33
3 3 3 40 40 40 3 57 39 39 39 39 39 39 57 57 57 57 57 57 57 34 34 34 34 34 34 34 23 23 23 23 23 23 23 23 23 29 29 29 29 29 29 29 29 29 29 29 29 29 29 1 1 6 6 46 46 34 34 34 34 34 34 34 29 29 29 29 29 29 29 29 29 29 29 29 29 29 23 23 23 23 23 33 33 23 23 33 33 33 33 33 33 22 22 22
3 3 3 3 3 3 3 42 39 39 39 39 39 57 57 57 57 57 57 57 57 34 34 23 23 34 34 34 34 23 23 23 23 23 23 23 23 29 29 29 29 29 29 29 29 29 29 29 29 29 29 1 1 1 6 6 46 46 34 34 35 35 34 34 29 29 29 29 29 29 29 29 29 29 29 29 29 29 23 23 23 23 23 33 33 23 23 23 33 33 33 33 22 22 22 22
42 42 42 42 3 42 42 42 39 39 39 8 8 8 8 57 57 34 34 34 57 57 34 23 23 23 34 34 23 23 23 23 23 23 23 23 23 29 29 29 29 29 29 29 29 29 29 29 29 29 29 1 1 1 6 6 6 46 46 35 35 35 34 34 34 29 29 29 29 29 29 29 29 29 29 29 29 29 23 23 23 23 23 33 33 23 23 23 23 33 33 33 22 22 22 22
42 42 42 42 42 42 42 42 39 39 8 8 8 8 8 8 57 34 34 34 14 14 14 34 23 23 23 34 23 23 23 23 22 22 22 23 14 29 29 29 29 29 29 29 29 29 29 29 29 29 29 1 1 1 1 6 6 46 46 46 35 34 34 34 29 29 29 29 29 29 29 29 29 29 29 29 29 29 23 23 23 23 23 33 33 23 23 23 23 23 33 33 22 22 22 22
3 3 3 42 42 42 42 3 3 3 8 8 8 8 8 8 8 57 34 34 34 14 14 14 34 34 34 34 34 34 34 14 22 22 22 22 14 29 29 29 29 29 29 29 29 29 29 29 29 29 29 29 29 29 29 29 29 29 46 46 46 46 34 34 29 29 29 29 29 29 29 29 29 29 29 29 29 23 23 23 23 23 23 33 33 23 23 23 23 23 23 30 30 30 1 1
3 3 3 3 3 3 3 3 3 8 8 29 29 29 29 29 29 29 34 34 34 34 34 14 14 34 34 34 34 34 14 14 22 22 22 22 14 14 29 29 1 1 22 22 22 22 29 22 22 22 22 29 29 29 29 29 29 29 29 29 46 46 46 34 34 34 34 23 29 29 29 29 29 29 29 29 29 23 23 23 23 23 23 33 33 23 23 23 23 23 23 30 30 30 1 1
3 3 3 3 3 3 3 3 8 8 8 29 29 29 29 29 29 29 34 34 34 6 6 14 14 14 14 34 34 14 14 1 1 1 1 22 22 14 14 14 1 1 1 22 22 22 22 22 22 22 22 29 29 29 29 29 29 29 29 29 29 46 46 46 34 23 23 23 23 29 29 29 29 29 29 29 29 23 23 23 23 23 23 33 23 23 23 23 23 23 23 30 1 1 32 32
3 3 3 3 3 3 3 3 8 8 8 29 29 29 29 29 29 29 1 34 6 6 6 6 14 14 14 14 14 14 1 1 1 1 1 22 22 14 14 14 14 1 1 1 1 22 22 22 22 22 22 29 29 29 29 29 29 29 29 29 29 29 46 46 34 34 23 23 23 29 29 29 29 29 29 29 29 29 23 23 23 23 23 23 23 23 23 23 23 23 23 30 1 32 32 32
3 3 3 3 3 3 3 3 6 6 8 29 29 29 29 29 29 29 1 1 1 6 6 6 14 14 14 14 14 1 1 1 1 1 1 1 1 1 1 22 14 1 1 1 1 1 1 22 22 22 22 29 29 29 29 29 29 29 29 29 29 29 29 29 46 34 34 34 34 29 29 29 29 29 29 29 29 29 29 23 23 23 23 29 29 5 5 5 5 30 30 30 1 32 32 32
3 3 3 3 3 3 3 3 6 6 8 29 29 29 29 29 29 29 1 14 14 6 6 6 1 14 14 1 1 1 1 1 1 1 1 1 1 1 1 22 14 14 1 1 1 1 1 1 22 22 22 29 29 29 29 29 29 29 29 29 29 29 29 29 29 46 46 34 34 29 29 29 29 29 29 29 29 29 29 29 23 23 23 29 29 5 5 5 30 30 30 1 1 32 32 32
3 3 3 3 3 3 3 3 6 6 8 29 29 29 29 29 29 29 14 14 14 6 6 6 1 1 14 14 1 1 6 6 6 6 1 1 1 1 1 22 22 14 14 1 1 1 1 1 1 22 22 29 29 29 29 29 29 29 29 29 29 29 29 29 23 23 14 14 14 29 29 29 29 29 29 29 29 29 29 29 29 29 29 29 29 5 5 5 30 30 30 30 1 32 32 32
3 3 8 8 8 8 8 8 6 6 8 29 29 29 29 29 29 29 20 20 14 14 6 1 1 1 1 14 1 1 14 14 6 6 6 1 1 1 1 22 22 14 14 14 1 1 1 1 1 22 22 29 29 29 29 29 29 29 29 29 29 29 29 23 23 23 23 14 14 14 14 14 29 14 14 29 1 29 29 29 29 29 29 29 29 29 29 29 30 30 30 30 1 1 1 1
3 29 29 29 29 29 29 29 8 6 8 29 29 29 29 29 29 29 20 20 14 14 6 6 1 1 6 14 14 14 14 14 14 6 6 1 1 1 1 22 22 22 14 14 14 14 1 1 1 1 22 29 29 29 29 29 29 29 29 29 29 29 29 23 23 23 14 14 23 14 14 14 14 14 14 14 1 1 29 29 29 29 29 29 29 29 29 29 29 30 30 30 30 1 1 1
3 29 29 29 29 29 29 29 8 8 8 29 29 29 29 29 29 29 20 14 14 14 6 6 1 1 6 6 14 14 14 14 14 6 6 1 1 1 1 1 22 22 22 22 14 14 1 1 1 1 22 29 29 29 29 29 29 29 29 29 29 29 29 34 34 23 23 23 23 23 23 23 14 14 14 14 14 1 1 1 22 29 29 29 29 29 29 29 29 29 30 30 30 1 1 1
3 8 8 8 8 8 1 1 22 22 22 29 29 29 29 29 29 29 20 20 14 6 6 6 1 1 1 6 14 14 14 14 14 6 6 1 1 1 1 1 1 22 22 22 14 14 1 1 1 1 1 29 29 29 29 29 29 29 29 29 29 29 29 34 34 23 23 23 23 23 23 23 1 14 14 1 1 1 1 1 22 22 29 29 29 29 29 29 29 29 29 30 30 30 32 1
40 8 8 14 14 14 1 1 22 22 22 29 29 29 29 29 29 29 29 29 29 29 6 6 1 1 6 6 6 14 14 14 14 14 6 1 1 1 1 1 1 1 22 22 14 14 1 1 1 1 1 29 29 29 29 29 29 29 29 29 29 29 29 34 34 23 23 23 23 23 23 23 1 1 14 14 1 1 1 1 1 22 22 29 29 29 29 29 29 29 29 30 30 30 32 32
40 14 14 14 14 14 14 1 22 22 22 29 29 29 29 29 29 29 29 29 29 29 6 6 6 6 6 6 6 14 14 1 14 14 6 1 1 1 1 1 1 1 1 1 1 14 1 1 1 1 1 29 29 29 29 29 29 29 29 29 29 29 29 34 23 23 23 23 23 23 23 23 1 1 1 14 1 1 14 1 14 1 22 29 29 29 29 29 29 29 29 30 30 32 32 32
40 14 14 14 14 14 14 14 22 22 22 29 29 29 29 29 29 29 29 29 29 29 6 6 6 6 6 1 6 6 1 1 1 14 6 6 1 1 1 1 1 1 1 1 1 14 1 1 1 1 1 29 29 29 29 29 34 34 34 34 34 34 34 34 23 23 6 23 23 23 23 23 1 1 1 1 14 1 1 14 14 14 29 29 29 29 29 29 29 29 29 30 30 32 6 6
8 14 14 14 14 14 14 14 14 14 14 29 29 29 29 29 29 29 29 29 29 29 6 6 6 6 1 1 1 1 1 1 1 14 14 6 6 1 1 1 1 1 1 1 1 14 1 1 1 1 14 1 14 14 34 34 34 34 34 34 34 34 34 34 23 6 6 23 23 6 6 1 1 1 14 14 22 22 22 14 14 14 29 29 29 29 29 29 29 29 29 30 30 32 6 6
8 8 14 14 14 39 39 14 14 14 14 29 29 29 29 29 29 29 29 29 29 29 29 1 1 1 1 1 1 1 1 1 14 14 14 14 6 6 1 1 1 1 1 1 1 14 1 1 1 1 14 14 34 34 34 34 34 34 34 34 34 34 34 1 6 6 6 23 23 6 14 14 14 14 14 34 22 22 22 14 14 14 14 14 29 29 29 29 29 29 29 30 32 32 6 6
8 8 14 14 14 39 39 14 14 14 14 29 29 29 29 29 29 29 29 29 29 29 1 1 1 1 1 1 1 1 1 1 14 14 14 14 14 6 6 1 1 1 1 1 1 14 1 1 1 1 14 14 34 34 34 34 34 34 34 34 34 34 34 1 6 6 23 23 6 6 14 14 14 14 34 22 22 22 14 14 1 1 14 14 1 1 29 29 29 29 29 32 32 6 6 6
8 8 8 14 14 14 39 14 14 14 14 29 29 29 29 29 29 29 8 8 8 29 1 1 1 1 1 1 1 1 1 1 1 14 14 1 14 1 6 6 1 1 1 1 1 1 1 1 14 14 14 14 34 34 34 34 34 34 34 34 34 34 1 1 6 6 6 6 6 6 14 14 14 34 34 22 34 6 6 6 6 1 14 14 1 1 29 29 29 29 29 32 32 6 6 6
22 8 8 14 14 14 39 8 8 8 8 14 14 14 8 8 8 8 8 8 8 8 8 1 1 1 1 1 1 1 1 1 1 1 1 1 1 1 1 1 1 22 1 1 1 1 1 1 14 1 1 1 34 34 1 1 34 34 34 34 34 1 1 1 6 6 6 6 6 6 14 14 14 14 14 34 34 6 6 6 6 6 1 14 1 1 1 29 29 29 29 32 1 6 6 14
22 8 8 14 14 8 8 8 8 8 8 8 14 14 14 8 8 8 8 8 8 8 8 8 8 1 1 1 1 1 1 1 1 1 1 1 14 1 1 1 22 22 1 1 1 1 1 1 14 1 1 1 1 1 1 1 1 34 34 34 1 1 1 1 6 6 6 6 6 6 14 14 14 14 14 34 34 6 6 6 6 6 1 14 1 1 1 29 29 29 29 1 1 14 14 14
