QGeoWEPP-demo/Example_Data/Agriculture/soils.asc
ncols         707
nrows         463
xllcorner     500000
yllcorner     4469379.89
cellsize      30
NODATA_value  -9999
[rows 70 to 139 of 463, columns 0 to 95 of 707]
35 35 35 35 47 47 47 47 47 47 47 35 35 35 35 47 47 35 35 35 35 32 35 35 35 35 35 35 35 35 35 35 35 47 47 47 47 47 47 47 47 47 47 47 47 47 47 47 47 35 47 47 47 47 47 23 23 23 23 23 22 6 6 23 34 34 34 34 34 34 34 33 32 33 33 33 33 33 33 33 33 33 1 6 6 6 6 6 6 6 6 6 6 46 46 6
35 35 47 47 47 47 47 47 47 47 35 35 35 35 35 47 35 35 35 35 35 32 35 35 35 35 35 35 35 35 35 35 35 35 35 35 35 35 47 47 47 47 47 47 47 47 47 47 35 35 47 47 47 47 47 47 47 23 23 23 22 6 6 23 34 34 34 34 34 34 34 34 33 33 33 33 33 33 33 33 33 33 33 33 33 6 6 6 6 6 6 6 6 6 46 46
47 47 47 47 47 47 47 47 47 35 35 35 35 35 35 47 47 35 35 35 35 35 35 35 35 35 35 35 35 35 35 35 35 35 35 35 35 35 47 47 47 47 47 47 47 47 35 35 35 35 35 35 47 47 35 47 35 23 23 22 22 6 6 23 34 34 34 33 33 33 33 33 33 33 33 33 33 34 34 34 34 34 34 34 1 1 6 6 6 6 6 6 6 6 6 46
47 47 47 47 47 47 47 47 47 47 35 35 35 35 35 47 47 47 47 35 32 35 35 35 35 35 35 35 35 35 35 35 35 35 35 35 35 35 35 47 47 47 47 47 47 47 47 47 47 35 35 35 35 35 35 47 35 35 22 22 22 6 6 23 34 34 34 33 33 33 33 33 33 33 33 33 34 34 34 34 1 1 1 1 1 1 1 6 6 6 6 8 8 6 6 46
47 47 47 47 47 47 47 47 47 35 35 35 35 35 35 35 47 47 47 32 32 32 35 35 35 35 35 35 35 35 35 35 35 35 35 35 35 35 35 35 35 35 47 47 47 47 47 47 47 47 47 47 47 47 47 47 47 35 35 35 35 6 6 22 22 34 34 33 33 33 33 33 33 33 33 34 34 34 34 34 1 1 1 1 1 22 22 6 6 6 6 8 8 6 6 6
47 47 47 47 47 35 47 35 35 35 35 35 35 35 35 35 47 47 47 32 32 35 35 35 35 35 35 35 35 35 35 35 35 35 35 35 35 35 35 35 35 35 35 35 47 47 47 47 47 47 47 47 47 47 47 47 47 22 22 22 35 6 22 22 22 1 1 1 33 33 33 33 33 33 34 1 1 1 1 1 1 1 1 1 1 22 22 6 6 6 6 8 8 8 6 6
35 35 35 47 35 35 35 35 35 35 35 35 35 35 35 35 47 47 35 35 35 35 35 35 35 35 35 47 47 35 35 35 35 47 47 35 35 35 35 35 35 35 35 35 35 35 47 47 47 47 47 47 47 47 47 47 47 22 22 22 22 6 22 22 22 1 1 1 33 33 33 33 33 33 33 1 1 1 1 1 1 1 1 1 1 1 22 22 6 6 6 6 8 8 8 6
35 35 35 47 47 35 35 35 35 35 35 35 35 35 35 35 47 47 35 35 35 35 35 35 35 35 47 47 35 35 47 47 47 47 47 47 47 47 47 47 35 35 35 35 35 35 35 35 47 47 47 47 47 47 47 47 22 22 6 6 6 6 6 22 22 6 1 1 1 33 33 33 33 33 33 33 33 14 14 14 1 1 1 1 1 1 22 22 6 6 6 6 6 8 8 8
35 35 35 35 35 35 35 35 35 35 35 35 35 35 47 47 47 35 35 35 35 35 35 35 35 35 35 47 47 47 47 47 47 47 47 47 47 47 47 47 47 47 47 35 35 35 35 35 47 47 47 47 47 47 47 47 6 6 6 6 6 46 46 6 6 6 6 6 1 33 33 33 33 33 33 33 33 14 14 14 14 14 14 1 1 1 1 22 6 6 6 6 6 6 6 6
35 35 35 35 35 35 35 35 35 47 47 35 35 47 47 47 47 35 35 35 35 35 35 47 35 35 35 47 47 47 47 47 47 47 47 47 47 47 47 47 47 47 47 35 35 35 35 35 47 47 47 47 47 47 47 6 6 6 6 46 46 46 46 46 6 6 6 6 6 6 33 33 33 33 1 1 1 14 14 14 14 14 14 1 1 1 1 1 22 6 6 6 6 6 6 6
35 35 35 35 35 35 35 35 35 47 47 35 35 47 47 47 47 35 35 47 47 47 47 47 47 47 47 47 47 47 47 47 47 47 47 47 47 47 47 47 47 47 35 35 35 35 35 35 35 47 47 47 47 47 47 6 46 46 46 46 6 6 6 46 46 46 6 6 6 6 33 33 1 1 1 1 1 14 32 14 1 1 14 14 14 14 1 1 1 22 6 6 6 6 6 6
35 35 35 35 35 35 35 35 47 47 35 35 35 35 47 47 35 35 47 47 47 47 47 47 47 47 47 47 47 47 47 47 47 47 47 47 47 47 47 47 35 35 35 35 35 35 35 35 35 35 35 35 35 35 35 46 46 6 6 6 22 22 22 6 6 46 46 6 6 6 6 1 1 1 1 1 1 14 32 32 14 1 1 1 14 14 14 1 1 22 22 22 6 6 6 6
35 35 35 35 35 35 35 35 35 35 35 35 47 47 47 47 35 32 35 35 47 47 47 47 47 47 47 47 47 47 47 47 47 47 47 47 47 47 35 35 35 35 35 35 35 35 34 35 35 35 35 34 6 6 6 6 6 6 6 1 1 1 1 1 22 6 46 46 6 6 6 6 6 1 1 1 1 14 32 32 32 14 1 1 14 14 14 14 1 1 22 22 6 6 6 6
47 35 35 35 35 35 35 35 35 35 35 35 47 23 23 47 35 35 32 32 35 35 47 47 47 47 35 35 35 47 47 35 35 47 35 35 35 35 35 35 35 35 35 35 35 34 34 34 34 34 34 34 34 6 6 6 34 1 1 1 1 1 1 1 22 6 6 46 46 46 6 6 6 1 1 1 1 14 32 32 14 14 14 14 14 14 14 1 14 1 1 22 22 22 6 6
47 35 35 35 35 35 35 35 35 35 35 35 47 23 23 23 47 35 35 32 32 32 35 47 47 47 35 35 35 35 35 35 35 35 35 35 35 35 35 35 35 35 35 34 34 34 34 34 34 34 34 34 35 35 35 35 34 1 1 1 1 35 35 35 22 22 22 6 6 46 46 6 6 1 1 1 1 1 1 1 1 14 14 14 14 1 1 1 1 14 1 22 22 22 22 6
47 47 35 35 35 35 35 35 35 35 35 35 35 47 23 23 47 35 35 35 35 35 35 47 47 47 47 47 35 35 35 35 35 35 35 35 35 35 35 35 35 35 35 34 34 34 34 34 34 34 34 34 35 35 35 35 34 1 1 1 1 35 35 22 22 22 22 22 6 6 46 6 6 6 8 1 1 1 1 1 1 1 1 14 14 1 1 1 1 14 14 1 22 22 22 22
47 47 35 35 35 35 35 35 35 35 47 35 35 35 47 47 35 35 35 35 35 35 35 47 47 47 47 47 35 35 35 35 35 35 35 35 35 35 35 35 35 35 34 34 34 34 34 34 34 34 34 34 35 35 34 35 34 1 1 1 1 35 35 22 22 22 22 6 6 6 46 6 6 8 8 8 22 1 1 1 22 1 1 1 14 1 1 1 22 1 1 14 14 6 22 22
1 47 47 35 35 35 35 35 32 47 47 35 35 35 35 35 35 47 47 35 32 35 35 47 47 47 47 35 35 35 35 35 35 35 35 35 35 35 35 35 35 34 34 34 34 34 34 34 34 34 34 34 34 34 34 35 35 34 34 34 35 35 35 35 35 35 22 6 6 6 46 46 8 8 8 8 22 22 1 1 22 1 1 1 14 14 1 1 22 22 22 22 14 6 22 22
1 47 47 47 47 35 35 35 32 47 47 35 35 35 35 35 35 47 47 35 32 32 35 47 47 47 47 35 35 35 35 35 35 35 35 35 35 35 35 35 35 34 34 34 34 34 34 34 34 34 34 34 34 34 34 34 35 35 34 35 35 35 35 35 35 35 6 6 6 6 46 46 8 8 8 22 22 22 22 22 22 1 1 1 14 14 14 1 1 1 22 22 22 6 6 22
1 35 47 47 35 35 35 35 35 35 35 35 35 35 35 35 47 47 35 35 35 32 32 35 47 47 47 35 47 35 35 35 35 35 35 35 35 35 35 35 35 34 34 34 34 34 34 34 34 34 34 34 34 34 34 34 34 35 35 35 35 35 22 22 22 22 6 6 6 6 6 46 46 6 8 22 22 8 22 22 22 22 1 1 1 14 14 1 1 1 22 22 22 6 6 6
35 35 35 35 35 35 35 35 35 35 35 35 35 35 35 35 47 47 47 47 47 35 32 35 35 47 47 35 47 47 35 35 35 35 35 35 35 35 34 34 34 34 34 34 34 34 34 34 34 34 34 34 34 34 34 34 35 35 35 35 35 35 35 22 22 22 22 22 22 6 6 46 46 46 6 8 8 8 8 7 22 22 22 1 1 14 14 1 1 1 22 22 22 22 6 6
36 36 36 35 35 35 35 35 35 35 35 35 35 35 35 35 35 47 47 47 47 47 32 32 35 47 35 35 47 35 35 35 35 35 35 35 35 35 35 34 34 35 34 34 34 34 34 34 34 34 34 34 34 34 34 34 35 35 35 35 35 35 35 35 35 22 22 22 22 6 6 6 8 46 46 6 6 8 8 7 7 7 22 22 1 14 14 14 1 1 1 22 22 22 6 6
36 36 36 35 34 35 35 35 35 35 35 35 35 35 35 35 35 47 47 47 47 47 47 35 35 35 35 35 47 47 47 35 35 35 35 35 35 35 35 35 35 35 34 34 34 34 34 34 34 34 34 34 34 34 34 34 34 34 34 34 35 35 1 1 35 35 35 22 22 22 22 8 8 8 46 46 46 6 8 8 8 7 7 22 1 1 14 14 14 14 1 1 22 22 22 6
35 35 35 35 34 35 35 35 35 35 35 35 35 35 35 35 35 47 47 47 47 47 35 35 35 35 35 35 35 35 47 35 35 35 35 35 35 35 35 35 35 34 34 34 34 34 34 34 34 34 34 34 34 34 34 34 34 34 34 34 35 35 1 1 1 1 35 35 35 22 22 22 8 8 8 46 46 46 8 8 8 8 7 7 14 14 14 14 14 14 14 1 22 22 22 22
22 34 34 35 35 35 35 35 35 35 35 35 35 35 35 35 35 35 47 47 47 47 47 35 35 35 35 32 32 35 35 35 47 47 35 35 35 35 35 35 35 35 34 34 34 34 34 34 34 34 34 34 34 34 34 34 34 34 34 34 34 35 35 1 1 1 1 1 35 1 22 22 22 22 8 8 46 46 6 8 8 8 14 14 14 14 14 14 14 14 14 1 22 22 22 22
22 34 34 34 35 35 34 34 34 34 34 35 35 35 34 34 34 35 35 47 47 47 47 35 35 35 35 32 32 32 32 35 35 47 47 35 35 35 35 35 35 34 34 34 34 34 34 34 34 34 34 34 34 34 34 34 34 34 34 34 22 22 35 35 1 1 1 1 35 1 1 1 22 22 22 8 8 46 46 6 8 8 8 8 22 22 22 14 14 14 14 1 14 14 22 22
35 34 34 34 35 35 34 34 34 34 34 34 34 34 34 34 34 34 35 35 47 47 35 35 35 35 35 35 32 32 32 32 35 47 47 35 35 35 35 35 35 34 34 34 34 34 34 34 34 34 34 34 34 34 34 34 34 34 34 22 22 22 22 35 35 1 22 22 22 1 1 1 1 22 22 8 8 8 46 46 6 8 8 8 22 22 22 22 14 14 14 14 14 14 22 22
36 35 34 34 34 34 34 34 34 34 34 34 34 34 34 34 34 34 34 35 35 35 35 35 35 35 35 35 35 32 32 32 35 35 35 35 35 35 35 35 35 34 34 34 34 34 34 34 34 34 34 34 34 34 34 34 23 23 23 22 22 22 22 22 22 22 22 22 22 1 1 1 1 1 22 8 8 8 8 46 46 6 6 8 8 8 22 22 22 14 14 14 14 14 14 14
36 36 35 34 34 34 22 34 34 35 35 34 34 34 34 34 34 34 34 35 35 35 35 35 35 35 35 35 35 35 32 32 35 35 35 35 35 35 35 35 34 34 34 34 34 34 34 34 34 34 34 34 34 34 34 34 23 23 23 22 22 22 22 22 6 6 22 22 34 35 1 1 1 1 22 8 8 8 8 8 46 46 6 6 8 8 22 22 22 22 22 14 14 14 14 6
36 36 35 34 34 22 22 34 35 35 35 34 34 34 34 34 34 34 34 35 35 35 35 35 35 47 47 47 35 35 35 35 35 35 35 35 35 35 35 35 34 34 34 34 34 22 22 22 34 34 22 34 34 34 34 34 23 23 35 22 22 22 22 6 6 6 22 34 34 34 35 1 1 22 22 22 8 8 8 8 46 46 46 6 8 8 22 22 8 22 22 14 22 6 6 6
36 36 35 35 34 22 22 34 35 35 35 35 34 34 34 34 34 34 34 35 35 35 35 35 47 47 47 47 35 35 35 35 35 35 35 35 35 35 35 35 34 34 34 34 34 22 22 22 22 22 22 22 34 34 34 34 35 35 35 22 22 22 6 6 34 34 34 34 34 34 1 1 1 22 22 22 22 8 8 8 8 46 46 46 6 8 8 8 8 8 22 22 22 8 8 6
36 35 35 35 34 22 22 34 35 35 35 35 34 34 35 34 34 34 34 35 35 35 35 35 35 35 47 47 35 35 35 35 35 35 35 35 35 35 35 35 34 34 34 22 22 22 22 22 22 22 22 22 34 34 34 34 35 35 35 34 34 22 34 34 34 34 34 34 34 34 1 1 22 22 22 22 22 8 8 8 8 8 8 46 6 6 6 8 8 8 8 22 8 8 8 8
35 35 35 35 35 34 34 34 35 35 35 35 34 34 35 35 35 35 35 35 35 35 35 35 35 35 35 47 35 35 35 35 35 35 35 35 35 35 35 34 34 34 34 22 22 22 22 22 22 22 22 22 34 34 34 6 6 34 35 34 34 34 34 34 34 34 34 34 34 1 1 22 22 22 22 8 8 8 8 8 8 8 8 46 46 46 6 6 6 6 8 22 22 22 8 6
35 35 35 34 35 35 35 34 34 23 35 35 34 34 34 35 35 35 35 35 35 35 35 35 35 35 35 35 35 34 34 35 35 35 35 35 35 35 35 34 34 34 34 22 22 22 22 22 22 22 22 22 34 34 34 6 6 34 34 34 34 34 34 34 34 34 34 22 22 1 1 22 22 22 22 8 8 8 8 8 8 8 8 8 46 46 46 46 46 6 6 8 22 8 8 6
35 35 34 34 34 35 34 34 34 23 34 35 35 34 35 35 35 35 35 35 35 35 35 35 35 35 35 35 34 34 34 34 35 35 35 34 35 35 34 22 22 34 34 34 22 22 22 22 22 22 22 22 34 34 35 6 34 34 8 8 34 34 34 34 6 34 34 22 22 1 1 22 22 22 8 8 8 8 8 8 8 8 8 8 6 6 46 46 46 46 46 6 8 8 6 6
35 35 34 34 35 35 34 34 23 23 34 34 34 34 34 35 35 35 35 35 35 35 35 35 1 29 35 29 29 34 34 34 34 34 34 34 34 34 34 34 22 22 34 34 22 22 22 22 22 22 22 34 34 35 35 34 34 34 8 8 7 34 34 34 6 6 6 22 22 1 1 22 22 22 8 8 8 8 8 8 8 8 8 8 8 8 6 6 6 46 46 46 6 6 6 6
35 34 34 34 35 34 34 34 23 35 35 22 34 34 34 35 35 35 35 35 35 35 35 35 1 29 29 29 29 34 34 34 34 34 34 22 22 22 34 22 22 22 34 34 34 22 22 22 22 22 22 34 34 35 34 34 34 34 34 8 7 8 34 34 5 6 6 6 22 1 1 22 22 22 22 8 8 8 8 8 8 8 8 6 8 8 8 8 8 6 6 46 46 6 43 43
34 34 34 34 35 34 23 23 35 35 22 22 22 34 34 35 35 35 35 35 35 35 35 1 29 29 29 29 29 29 29 29 22 22 22 22 22 22 22 22 22 22 34 34 34 22 22 22 22 22 22 22 34 23 23 23 34 34 34 8 7 8 8 8 5 6 6 6 22 22 22 22 22 22 22 22 22 8 8 8 8 8 8 6 6 8 1 1 1 8 6 6 46 46 3 3
34 34 34 34 35 34 23 23 35 35 22 22 22 34 34 35 35 35 1 1 35 35 35 1 1 29 29 29 29 29 29 29 22 22 22 35 22 22 22 22 22 22 22 34 34 22 22 22 22 22 22 22 23 23 23 23 23 23 8 8 7 7 8 8 5 5 8 8 8 22 22 22 22 22 22 22 22 22 8 8 8 8 6 6 6 6 8 1 1 1 8 6 6 46 3 3
35 34 34 34 34 34 23 32 32 35 22 22 34 34 34 35 35 1 1 1 1 1 1 1 1 29 29 29 29 29 29 22 22 22 22 35 35 22 22 22 34 34 22 22 34 34 22 22 22 22 22 22 23 23 23 23 6 6 6 8 7 7 7 8 5 5 5 8 8 22 22 22 22 22 22 22 22 22 22 22 6 6 6 6 6 6 8 8 8 1 8 6 6 43 43 43
34 34 6 34 34 34 23 32 32 35 22 22 22 34 1 35 1 1 1 1 1 1 1 1 22 22 22 29 29 29 29 29 22 35 35 35 34 34 34 34 34 34 22 22 22 22 22 34 34 34 34 46 46 46 46 46 46 46 6 6 8 7 7 8 5 5 5 8 8 8 8 8 8 8 8 8 8 8 8 8 8 8 6 6 6 6 6 8 8 8 6 6 43 43 43 43
34 6 6 34 34 34 32 32 32 34 22 22 22 22 1 1 22 1 1 1 1 1 1 22 22 22 29 29 29 29 29 29 35 35 35 35 34 34 34 34 34 34 22 22 22 22 32 32 32 34 8 6 6 46 6 6 46 46 46 6 8 7 7 8 8 6 6 8 8 8 8 8 8 8 8 8 8 6 8 8 6 6 6 6 43 43 6 6 6 6 3 3 3 43 43 43
6 6 6 34 34 32 32 32 34 34 34 22 22 22 1 22 22 22 1 1 1 1 22 22 22 22 22 22 22 22 6 6 35 35 35 35 6 34 34 22 22 34 34 32 32 32 32 32 32 34 8 8 8 6 6 6 6 6 46 46 6 8 7 7 8 6 6 8 8 8 8 8 8 8 8 8 6 6 8 6 6 6 6 43 43 43 43 43 43 43 3 3 3 3 3 3
35 6 6 32 32 32 32 34 34 34 22 22 22 1 1 1 1 1 1 1 1 1 22 22 22 22 22 22 22 22 6 35 35 35 35 6 6 34 22 22 22 22 34 32 32 32 32 32 34 34 8 8 29 29 8 8 8 6 6 46 6 6 8 8 8 6 6 6 8 8 8 8 8 8 8 8 6 6 6 6 6 6 3 43 43 43 43 43 43 43 3 3 3 3 3 3
32 32 32 32 32 32 32 34 34 22 22 22 22 1 1 1 1 1 1 1 1 1 22 6 6 6 6 6 22 6 6 6 35 35 35 6 22 22 22 22 22 22 29 29 29 29 29 29 29 29 29 29 29 29 29 8 8 8 6 46 46 6 6 6 6 6 19 19 6 8 8 8 8 8 8 8 6 6 6 6 3 3 3 43 43 43 43 43 43 43 3 3 3 3 3 3
32 32 29 29 29 34 34 34 34 34 34 22 22 22 22 6 35 1 1 1 1 22 22 6 6 6 35 35 35 35 35 35 35 35 6 6 22 22 22 22 22 1 29 29 29 29 29 29 29 29 29 29 29 29 29 8 8 8 8 6 46 46 6 19 19 19 19 19 19 29 29 29 29 19 19 19 19 19 3 3 3 3 3 3 3 3 3 3 43 43 3 3 3 3 3 3
35 22 29 29 29 29 22 22 22 34 34 34 34 6 6 6 35 22 22 1 22 22 35 35 35 35 35 35 35 35 35 6 6 6 6 22 22 22 22 22 1 1 29 29 29 29 29 29 29 29 29 29 29 29 29 8 8 8 8 8 46 46 19 19 19 19 19 19 19 29 29 29 29 19 19 19 19 19 3 3 3 3 3 3 5 3 3 3 3 3 3 3 3 3 3 3
22 22 29 29 29 29 29 22 22 22 22 22 6 6 35 35 35 22 1 22 22 22 35 35 35 35 22 22 22 22 22 22 6 6 6 22 22 22 22 1 1 1 29 29 29 29 29 29 29 29 29 29 29 29 29 8 8 8 8 8 8 46 46 19 19 19 19 19 19 29 29 29 29 19 19 19 19 19 42 42 42 42 42 5 5 40 40 3 3 3 3 3 3 3 3 3
22 22 29 29 29 29 29 29 29 29 29 29 6 35 35 35 22 1 1 22 22 22 22 22 22 22 22 22 22 22 22 22 22 6 6 22 22 22 1 1 1 1 29 29 29 29 29 29 29 29 29 29 29 29 29 12 12 8 8 8 8 57 57 57 19 19 19 19 19 42 29 29 29 19 19 19 19 5 5 5 5 42 42 5 5 40 40 40 3 3 3 3 3 42 42 42
22 22 29 29 29 29 29 29 29 29 29 6 6 35 35 22 22 1 1 22 22 22 22 22 22 22 22 22 22 22 22 22 22 6 6 22 22 22 1 1 1 1 29 29 29 29 29 29 29 29 29 29 29 29 29 12 12 12 12 12 12 57 57 57 57 19 19 19 42 42 42 42 42 19 19 19 19 5 5 5 5 42 5 5 5 40 40 40 40 40 42 42 42 42 42 42
22 8 8 29 29 29 29 29 29 29 29 29 35 22 22 22 22 1 1 22 22 22 22 22 22 22 22 22 22 22 22 22 6 6 6 22 22 22 1 1 1 1 29 29 29 29 29 29 29 29 29 29 29 29 29 12 12 12 12 12 12 57 57 57 57 19 19 19 42 42 42 42 42 19 19 19 19 19 42 42 42 42 42 42 40 40 40 40 40 42 42 42 42 42 42 3
22 8 8 8 22 22 29 29 29 29 35 35 22 22 22 22 22 1 1 22 22 22 1 22 22 22 22 22 22 22 22 22 6 6 6 22 22 22 1 1 1 1 29 29 29 29 29 29 29 29 29 29 29 29 29 12 12 12 12 12 12 57 57 57 57 19 19 42 42 42 42 42 42 19 19 19 19 19 42 42 42 42 42 42 40 40 40 40 42 42 42 42 3 3 3 3
22 8 8 8 22 22 8 8 8 35 35 8 8 22 22 22 22 1 1 1 1 1 1 1 1 1 1 22 6 6 1 1 6 6 6 6 22 22 14 1 1 1 8 8 8 1 1 6 6 6 6 6 12 12 12 12 12 12 12 12 12 12 57 57 57 19 19 42 42 42 43 43 43 19 19 19 19 42 42 42 3 3 3 3 3 3 3 42 42 42 42 42 3 3 3 3
22 8 8 8 8 8 8 8 35 8 8 22 22 22 22 22 22 1 1 1 1 1 1 1 1 1 6 6 6 6 6 6 6 6 6 6 22 6 14 6 8 8 8 6 1 1 1 6 6 6 6 6 6 12 12 12 12 12 12 12 12 12 12 57 57 19 19 42 42 43 43 43 43 43 19 3 3 42 42 3 3 3 3 3 3 3 3 3 3 3 3 3 3 3 3 3
8 8 8 35 8 8 8 35 35 8 22 22 22 22 22 22 22 1 22 22 22 22 1 1 1 6 6 6 6 6 6 6 6 6 6 6 6 6 6 6 6 6 6 6 1 6 6 6 6 6 6 6 6 6 6 1 12 12 12 12 12 12 12 12 57 19 19 42 42 43 43 43 43 43 3 3 3 3 3 3 3 3 3 3 3 3 3 3 3 3 3 3 3 3 3 3
35 35 35 35 35 8 8 35 35 8 22 22 22 22 22 22 22 22 22 22 22 22 22 22 22 6 6 6 6 6 6 6 6 6 6 6 6 6 6 6 6 6 6 6 6 6 6 6 6 6 6 1 1 6 6 1 67 67 12 17 17 68 12 57 57 19 19 42 43 3 3 3 3 3 3 3 3 3 3 3 3 3 3 3 3 42 42 3 3 3 3 3 3 3 3 3
35 35 35 35 35 35 8 35 8 8 22 22 22 8 8 8 6 6 6 22 22 22 22 22 22 6 6 6 6 6 6 6 6 6 6 6 14 14 6 6 6 6 6 6 6 6 6 6 6 6 6 1 1 6 1 1 67 67 17 17 68 68 57 57 57 19 19 19 3 3 3 3 3 3 3 3 3 3 3 3 3 3 27 27 27 42 42 42 42 3 3 3 3 3 3 3
35 35 35 35 35 35 35 35 35 8 8 8 8 8 8 8 6 6 6 6 6 6 6 6 6 6 6 6 6 6 6 6 6 6 6 6 14 14 6 6 6 6 6 6 6 6 6 6 6 1 1 1 1 1 1 1 67 17 17 17 68 57 57 57 57 57 57 3 3 3 3 3 3 3 3 3 3 3 42 42 42 42 27 27 27 42 42 40 42 42 42 42 42 3 3 3
35 35 35 35 35 35 35 35 35 35 35 8 8 35 35 8 8 1 6 6 6 6 6 6 6 6 6 6 6 6 6 6 6 6 6 6 14 14 14 14 14 6 6 6 6 6 6 6 6 1 1 1 1 1 1 1 17 17 17 68 68 57 57 57 57 57 3 3 3 3 3 3 27 27 42 42 42 42 42 42 42 42 27 27 27 42 42 40 40 42 40 40 40 3 3 3
35 35 35 35 35 35 35 35 35 35 35 35 35 35 8 8 8 8 1 6 6 6 6 6 6 6 6 6 6 6 6 6 6 6 6 6 6 1 14 14 14 14 6 6 6 6 1 1 1 1 1 1 1 1 1 1 17 17 68 68 57 3 3 3 3 3 3 3 3 3 27 27 27 42 42 42 42 40 40 40 40 40 40 40 40 40 40 40 40 40 40 40 40 3 3 3
35 35 35 35 35 35 35 35 35 35 35 35 35 35 8 8 8 8 1 1 6 6 6 6 6 6 6 6 6 6 34 34 6 6 6 6 6 1 1 14 14 14 14 6 1 1 1 1 1 1 1 1 1 1 1 1 17 68 68 3 3 3 3 3 3 3 3 3 3 3 27 27 42 42 42 40 40 40 40 40 40 40 40 40 40 40 40 40 40 40 40 40 40 40 3 3
35 35 35 35 35 35 35 35 35 35 35 35 35 34 8 8 8 8 8 1 6 6 6 6 34 34 34 34 6 6 34 34 34 34 6 6 6 6 1 1 14 14 14 14 14 1 1 1 1 1 1 6 6 1 1 1 17 17 3 3 3 3 3 3 3 3 3 3 3 3 3 3 19 19 19 19 40 40 40 40 40 40 40 40 40 40 40 40 40 40 40 40 22 22 40 40
22 22 22 6 6 6 6 35 35 35 35 34 34 34 8 8 8 8 1 1 1 6 6 6 34 34 34 34 34 6 6 34 34 34 34 6 6 6 6 1 6 14 14 14 14 14 14 1 6 6 6 6 6 1 1 1 1 3 3 3 3 3 68 68 68 3 3 3 3 3 3 3 19 19 19 19 19 19 19 19 19 40 40 40 40 40 8 40 40 40 40 22 22 22 40 40
22 22 22 22 22 22 6 6 35 35 34 34 34 34 1 8 8 1 1 14 1 1 34 34 34 34 34 34 34 6 6 6 34 34 34 34 6 6 6 6 6 6 6 14 14 14 14 14 6 6 1 1 1 6 6 1 3 3 3 3 68 68 68 68 26 3 3 68 68 19 19 19 19 19 19 19 19 19 19 19 19 14 14 14 8 8 8 8 8 8 1 1 22 22 22 40
14 14 14 22 22 22 1 6 34 34 34 1 34 34 1 1 1 1 14 14 1 1 1 8 8 8 34 34 34 6 6 6 34 34 34 34 34 6 6 6 6 6 6 6 14 14 14 14 6 6 6 6 6 6 6 3 3 3 68 68 68 68 26 26 26 68 68 68 68 19 19 19 19 19 19 19 19 19 19 19 14 14 14 8 8 8 8 8 8 8 1 1 1 1 1 8
14 14 14 14 14 22 1 1 34 1 1 1 1 14 14 1 1 14 14 14 14 1 1 8 8 8 34 34 6 6 6 6 6 6 6 34 34 6 6 6 6 6 6 6 6 18 14 14 6 6 6 6 6 6 3 3 3 68 68 68 68 26 26 26 68 68 68 68 68 19 19 19 19 19 19 19 8 8 8 22 14 14 14 14 8 8 22 22 8 8 1 1 1 1 1 8
6 14 14 14 14 22 22 22 1 1 1 1 1 1 14 14 14 14 14 14 14 1 1 34 34 34 34 34 6 6 6 6 6 6 6 6 6 6 6 6 6 6 6 6 6 18 18 18 6 6 6 6 6 3 3 3 68 68 68 68 26 26 68 68 68 68 68 68 19 19 19 19 19 19 19 19 8 8 8 22 22 14 14 14 14 22 22 22 22 22 8 8 1 1 1 1
6 14 14 14 22 1 1 1 1 1 1 1 1 1 1 1 8 8 8 14 14 1 1 34 34 8 8 8 6 22 22 22 22 22 22 6 6 6 6 6 6 6 6 6 1 1 18 18 6 6 6 3 3 3 3 68 68 68 68 68 68 68 68 68 68 68 68 19 19 19 19 19 41 41 41 8 8 8 8 1 22 6 6 14 14 6 22 22 22 22 22 8 8 8 1 1
6 14 3 1 1 1 1 1 1 1 22 22 22 22 1 1 8 8 8 14 14 14 14 8 8 8 8 8 22 22 22 22 22 22 22 22 6 6 6 6 6 6 6 1 1 1 18 6 6 6 3 3 3 3 68 68 68 68 68 68 68 68 68 68 68 68 68 68 68 68 68 41 41 41 41 41 8 8 1 1 22 22 22 6 6 6 22 22 22 22 22 22 8 8 22 22
14 3 3 1 1 1 1 1 1 22 22 22 22 22 1 1 1 8 8 8 14 14 14 1 1 1 8 22 22 22 22 22 22 22 22 6 6 6 6 6 6 6 6 18 1 1 18 18 6 18 3 3 3 68 68 68 68 68 68 68 68 68 68 68 26 26 68 68 68 68 68 41 41 8 41 8 8 8 1 1 22 22 22 22 6 6 6 22 22 22 22 22 22 22 22 22
