QGeoWEPP-demo/Example_Data/Agriculture/soils.asc
ncols         707
nrows         463
xllcorner     500000
yllcorner     4469379.89
cellsize      30
NODATA_value  -9999
[rows 350 to 419 of 463, columns 192 to 287 of 707]
27 27 27 27 27 27 27 27 27 27 27 27 27 27 27 27 24 24 24 48 48 48 48 60 13 13 13 13 59 59 59 53 53 53 53 59 59 59 53 53 53 53 53 53 53 53 53 53 53 53 53 53 53 53 53 53 54 54 54 54 54 54 5 5 5 5 5 5 5 53 53 53 53 53 53 53 29 29 29 29 29 29 50 50 50 50 50 50 50 50 50 50 6 6 6 6
5 5 5 27 27 27 27 27 27 27 27 27 27 27 27 27 24 48 48 48 48 48 60 60 13 13 13 59 59 59 53 53 53 53 59 59 53 53 53 54 54 54 54 54 53 53 53 53 53 53 53 53 53 53 53 54 54 54 54 54 54 5 5 5 5 5 5 5 5 53 53 53 53 53 53 29 29 29 29 29 29 29 50 50 50 50 50 50 50 50 6 6 6 6 6 50
27 27 27 27 27 27 27 27 27 27 27 27 27 27 27 27 48 48 48 60 60 60 60 59 59 59 59 59 53 53 53 53 53 59 53 53 53 53 54 54 54 54 54 54 53 53 53 53 53 53 53 53 53 53 54 54 54 54 54 54 54 5 5 5 5 5 5 5 53 53 53 53 53 53 29 29 29 29 29 29 29 50 50 50 50 50 50 50 50 6 6 6 6 6 50 50
5 5 5 5 27 27 27 27 27 27 27 27 27 27 27 27 48 59 59 60 60 60 59 59 59 59 59 53 53 53 53 53 53 53 53 53 53 54 54 54 54 54 54 54 54 53 53 53 53 53 53 53 53 54 54 54 54 54 54 5 5 5 5 5 5 5 5 53 53 53 53 53 53 29 29 29 29 29 29 29 29 50 50 50 50 50 50 50 6 6 6 50 50 50 50 50
27 27 5 5 27 27 27 27 27 27 27 27 27 27 27 59 59 59 60 60 59 59 59 60 59 53 53 53 53 53 53 53 53 53 53 54 54 54 54 54 54 54 54 54 54 54 54 54 53 53 54 54 54 54 54 54 54 54 5 5 5 5 5 5 5 5 53 53 53 53 53 53 53 29 29 29 29 29 29 29 29 50 50 50 50 50 50 6 6 6 50 50 50 50 50 50
5 27 27 27 5 27 27 27 27 27 27 27 27 59 59 59 59 59 60 60 59 59 60 60 60 53 53 53 53 53 53 53 53 53 53 54 54 54 54 54 54 54 54 54 54 54 54 54 54 54 54 54 54 54 54 5 5 5 5 5 5 5 5 5 5 53 53 53 53 53 53 53 29 29 29 29 29 29 29 29 50 50 50 50 50 50 6 6 6 6 50 50 50 50 50 50
27 27 5 27 5 27 27 27 27 27 27 59 59 59 59 59 59 59 59 60 60 60 60 60 53 53 53 54 54 54 53 53 53 53 53 54 54 54 54 54 54 54 54 54 54 54 54 54 54 54 54 5 5 5 5 5 5 5 5 5 5 5 5 5 53 53 53 53 53 53 53 29 29 29 29 29 29 29 29 6 6 6 50 50 50 50 6 6 50 50 50 50 50 50 50 50
5 27 27 5 27 27 27 27 27 59 59 59 59 59 59 59 59 59 60 60 60 60 60 53 53 54 54 54 54 54 54 53 53 53 53 53 54 54 54 54 54 54 54 54 54 54 54 54 5 5 5 5 5 5 5 5 5 5 5 5 5 5 53 53 53 53 53 53 53 53 29 29 29 29 29 29 29 29 6 6 6 6 50 50 50 50 6 50 50 50 50 50 50 50 50 50
27 27 5 5 27 27 27 59 59 59 59 59 59 59 59 59 59 60 60 60 60 60 53 53 54 54 54 54 54 54 54 53 53 53 53 54 54 54 54 54 54 54 54 54 54 54 5 5 5 5 5 5 5 5 5 5 5 5 5 53 53 53 53 53 53 53 53 29 29 29 29 29 29 29 29 29 29 6 6 6 6 6 2 50 50 50 2 2 2 2 2 50 50 50 50 50
5 5 27 27 27 48 48 59 60 60 60 59 59 59 59 59 59 60 60 60 60 53 53 54 54 54 54 54 54 54 54 53 53 53 53 54 54 54 54 54 54 54 54 54 5 5 5 5 5 5 5 5 53 53 5 5 5 53 53 53 53 53 53 53 53 53 53 29 29 29 29 29 29 29 29 29 6 6 6 6 6 6 6 2 2 2 2 2 2 2 2 50 50 50 50 50
27 27 48 48 59 59 60 60 60 60 60 59 59 59 59 59 59 59 59 59 53 53 53 54 54 54 54 54 54 54 54 54 53 53 54 54 54 54 54 54 54 54 54 5 5 5 5 5 5 53 53 53 53 53 53 53 53 53 53 53 53 53 53 53 53 53 29 29 29 29 29 29 29 29 29 6 6 6 6 6 6 6 6 6 6 6 6 6 50 50 50 50 50 50 50 50
55 48 59 59 59 60 60 60 60 48 48 59 59 59 59 59 59 59 59 53 53 53 53 53 53 54 54 54 54 54 54 54 54 54 54 54 54 54 54 54 54 5 5 5 5 5 5 53 53 53 53 53 53 53 53 29 29 53 53 53 53 53 53 29 29 29 29 29 29 29 29 29 29 29 29 2 6 6 6 6 6 6 6 6 6 6 6 6 50 50 50 50 50 50 50 50
48 59 59 60 60 60 60 60 48 48 59 59 59 59 59 59 59 59 53 53 53 53 53 53 53 53 53 53 53 54 54 9 54 54 54 54 54 54 54 54 5 5 5 5 5 5 53 53 53 53 53 53 53 53 29 29 29 29 29 53 53 53 29 29 29 29 29 29 29 29 29 29 29 29 29 2 6 6 6 6 6 6 6 2 2 2 2 2 50 50 50 50 50 50 50 50
60 60 60 60 60 60 48 48 48 60 60 59 59 59 59 59 59 53 53 53 53 53 53 53 53 53 53 53 53 54 54 9 9 54 54 54 54 54 9 5 5 5 5 5 5 53 53 53 53 53 53 53 29 29 29 29 29 29 29 29 53 29 29 29 29 29 29 29 29 29 29 29 29 29 2 2 6 6 2 2 2 2 2 2 2 2 2 2 50 50 50 50 50 50 50 50
60 60 60 60 48 48 48 48 60 60 60 59 59 59 59 59 53 53 53 53 53 53 53 53 53 53 53 53 54 54 54 54 9 9 9 9 9 9 5 5 5 5 5 5 53 53 53 53 53 53 29 29 29 29 29 29 29 29 29 29 53 29 29 29 29 29 2 29 29 29 29 29 29 29 2 2 6 2 2 2 2 2 2 2 10 2 2 2 2 1 1 1 1 1 1 1
55 55 55 48 48 48 48 60 60 60 59 59 59 59 53 53 53 53 53 53 53 53 53 53 53 53 54 54 54 54 54 54 54 9 9 9 9 5 5 5 5 5 5 5 53 53 53 53 53 29 29 29 29 29 29 29 29 29 29 29 29 29 29 29 29 10 10 2 2 29 29 29 29 29 2 2 2 2 2 2 2 2 10 10 10 10 2 2 2 2 2 1 1 1 1 2
24 55 55 48 48 48 60 60 60 59 59 59 59 53 53 53 53 53 53 53 53 53 53 53 53 54 54 54 54 54 54 54 54 9 9 9 5 5 5 5 5 5 5 53 53 53 53 29 29 29 29 29 29 29 29 29 29 29 29 29 29 29 29 10 10 10 10 10 10 2 2 2 2 2 2 2 2 10 10 10 10 10 10 10 10 10 10 2 2 2 2 2 1 1 1 2
24 55 48 48 48 60 60 60 59 59 59 61 61 61 61 9 9 9 9 9 9 9 9 53 54 54 54 54 54 54 54 54 9 9 9 5 5 5 5 5 5 5 53 53 53 29 29 29 29 29 29 29 29 29 29 29 29 29 29 29 29 29 13 13 10 10 10 10 10 10 10 10 2 2 2 10 10 10 10 10 10 10 10 10 10 10 10 2 2 2 2 2 1 1 1 1
48 48 48 61 61 60 60 59 61 61 61 61 61 61 61 61 61 61 54 54 54 9 9 9 54 54 54 54 54 54 9 9 9 9 5 5 5 5 5 5 5 53 53 53 29 29 29 29 29 29 29 29 29 29 29 29 29 29 29 29 13 13 13 13 13 10 10 10 10 10 10 10 10 10 10 10 10 10 10 10 10 10 10 10 10 10 10 10 2 2 2 2 2 1 1 1
61 61 61 61 61 61 61 61 61 61 61 61 61 61 61 61 61 61 61 54 54 9 9 9 54 54 54 54 9 9 9 9 9 5 5 5 5 5 5 5 53 53 53 29 29 29 29 29 29 29 29 29 29 29 29 29 29 29 29 29 13 13 13 13 13 13 13 13 10 10 10 10 10 10 10 10 10 10 10 10 10 2 2 10 10 10 10 10 10 2 2 2 2 1 1 1
61 61 61 61 61 61 61 61 61 61 61 61 61 61 61 61 61 54 54 54 54 9 9 9 54 54 54 9 9 9 9 9 5 5 5 5 5 5 5 53 53 53 29 44 44 29 29 29 29 29 29 29 29 29 29 29 29 29 29 13 13 13 13 13 13 13 2 2 2 2 10 10 10 10 10 10 10 10 2 2 2 2 2 2 10 10 10 10 10 2 2 2 2 2 1 1
61 61 61 61 61 61 61 61 61 61 61 61 61 61 61 54 54 54 54 54 54 9 9 9 9 9 9 9 9 9 9 5 5 5 5 5 5 5 53 29 29 44 44 44 44 44 29 29 29 29 29 29 29 29 29 29 29 29 29 29 29 29 29 29 29 2 2 2 2 2 10 10 10 10 10 2 2 2 2 2 2 2 2 2 2 10 10 10 10 10 2 2 2 2 2 2
61 61 61 61 61 61 61 61 61 61 61 61 61 61 54 54 54 54 54 54 9 9 9 9 9 9 9 9 9 5 5 5 5 5 5 5 5 53 29 44 44 44 44 44 44 44 29 29 29 29 29 29 29 29 29 29 29 29 29 29 29 29 29 29 29 2 2 2 2 2 2 10 10 2 2 2 2 2 2 2 8 8 8 2 2 10 10 10 10 10 10 2 2 2 2 2
61 61 61 61 61 61 61 61 61 61 61 61 61 61 54 54 54 54 54 9 9 5 5 5 5 5 5 5 5 5 5 5 5 5 5 53 53 53 44 44 44 44 44 44 29 29 29 29 29 29 29 29 29 29 29 29 29 29 29 29 29 29 29 29 29 2 2 2 2 2 2 2 2 2 2 2 2 2 2 2 6 8 8 2 2 2 10 10 10 10 10 10 2 2 2 10
61 61 61 61 61 61 61 61 61 61 61 61 61 54 54 54 54 54 5 5 5 5 5 5 5 5 5 5 5 5 5 5 5 5 53 53 53 53 29 44 44 44 29 29 29 29 29 29 29 29 29 29 29 29 29 29 29 29 29 29 29 29 29 29 29 2 2 2 2 2 2 2 2 2 12 12 12 12 2 2 6 6 8 8 2 2 10 10 10 10 10 10 10 10 10 10
61 61 61 61 61 61 61 54 54 54 54 54 54 54 54 54 5 5 5 5 5 5 5 5 5 5 5 5 5 5 5 5 53 53 53 53 53 53 53 53 53 53 53 29 29 29 29 29 29 29 29 29 29 29 29 29 29 29 29 29 29 29 29 29 29 29 29 2 2 2 2 29 29 12 12 12 12 12 12 12 6 6 8 8 8 8 2 2 10 10 10 10 10 10 10 10
61 61 54 54 54 54 54 54 54 54 54 54 54 54 54 5 5 5 5 5 5 5 5 5 5 5 5 5 5 53 53 53 53 53 53 53 53 53 53 53 53 29 29 29 29 29 29 29 29 29 29 29 29 29 29 29 29 29 29 29 29 29 29 29 29 29 29 2 2 2 2 29 29 29 12 12 12 12 12 12 6 6 6 8 8 8 2 2 2 10 10 10 10 10 10 10
54 54 54 54 54 54 54 54 54 54 54 54 54 5 5 5 5 5 5 5 5 5 5 5 53 53 53 53 53 53 53 53 53 53 53 53 53 53 53 29 29 29 29 29 29 29 29 29 29 29 29 29 29 29 29 29 29 29 29 29 29 29 29 29 29 29 29 29 2 2 2 29 29 29 12 12 12 12 12 12 6 6 6 8 8 2 2 2 2 2 10 10 10 10 10 10
54 54 54 54 54 54 54 54 54 54 54 5 5 5 5 5 5 5 5 5 5 5 53 53 53 53 53 53 53 53 53 53 53 53 53 53 53 29 29 29 29 29 29 29 29 29 29 29 29 29 29 29 29 29 29 29 29 29 29 29 29 29 29 29 29 29 29 29 29 2 2 29 29 29 29 12 12 12 6 6 6 6 8 8 8 2 2 2 2 2 2 10 10 10 10 10
54 54 54 54 54 54 9 9 9 9 5 5 5 5 5 5 5 5 5 5 53 53 53 53 53 53 53 53 53 53 53 53 53 53 53 53 29 29 29 29 29 29 29 29 29 29 29 29 29 29 29 29 29 29 29 29 29 29 29 29 29 29 29 29 29 29 29 29 29 29 29 29 29 29 29 6 6 6 6 6 6 8 8 8 8 2 2 2 2 2 12 2 2 2 10 10
54 54 54 9 9 9 9 9 9 5 5 5 5 5 5 5 5 5 5 53 53 53 53 53 53 53 53 53 53 53 53 53 53 53 29 29 29 29 29 29 29 29 29 29 29 29 29 2 29 29 29 29 29 29 29 29 29 29 29 29 29 29 29 29 29 29 29 29 29 29 29 29 29 29 29 29 6 6 6 6 6 8 1 1 8 2 2 2 2 2 12 12 2 2 2 10
9 9 9 9 9 9 9 5 5 5 5 5 5 5 5 5 5 53 53 53 53 53 53 53 53 53 53 53 53 53 53 53 29 29 29 29 29 29 29 29 29 29 29 29 29 29 2 2 2 29 29 29 29 29 29 29 29 29 29 29 29 29 29 29 29 29 29 29 29 29 29 6 6 6 6 6 6 6 6 8 8 1 1 1 8 8 2 2 2 2 2 12 6 2 2 2
9 9 9 9 9 9 5 5 5 5 5 5 5 5 5 53 53 53 53 53 53 53 53 53 53 53 53 53 53 53 29 29 29 29 29 29 29 29 29 29 29 29 29 29 12 12 2 2 2 2 12 12 12 12 12 12 12 29 29 29 29 29 29 29 29 29 29 29 6 6 6 6 6 6 6 6 6 8 8 8 8 1 1 1 8 2 2 2 2 2 2 12 6 6 2 2
9 9 9 9 5 5 5 5 5 5 5 5 5 5 53 53 53 53 53 53 53 53 53 53 53 53 53 53 53 29 29 29 29 29 29 29 29 29 29 29 29 29 12 12 12 12 12 12 2 2 2 12 12 12 12 12 12 12 29 29 29 29 29 29 29 29 29 29 6 6 6 6 6 6 6 6 8 8 8 8 1 1 1 8 2 2 2 2 2 2 2 2 6 6 8 8
9 9 9 5 5 5 5 5 5 5 5 53 53 53 53 53 53 53 53 53 53 53 53 53 53 53 53 29 29 29 29 29 29 29 29 29 29 29 29 29 2 2 2 12 12 12 12 12 12 12 2 12 12 12 12 12 12 12 12 29 29 29 29 29 29 29 29 8 8 6 6 8 6 6 6 6 8 8 8 8 1 1 8 8 2 8 8 2 2 8 8 2 2 6 1 1
9 5 5 5 5 5 5 5 5 53 53 53 53 53 53 53 53 53 53 53 53 53 53 53 53 29 29 29 29 29 29 29 29 29 29 29 29 29 29 2 2 2 2 2 12 12 12 12 12 12 17 17 12 12 12 12 12 12 12 29 29 29 29 8 8 8 8 8 8 8 8 8 8 8 8 8 8 8 8 8 1 8 8 8 8 8 8 2 2 8 8 2 2 6 1 1
5 5 5 5 5 5 5 53 53 53 53 53 53 53 53 53 53 53 53 53 53 53 53 53 29 29 29 29 29 29 29 29 29 29 29 29 29 12 12 12 2 2 12 2 2 2 12 12 12 12 12 17 12 12 12 12 12 12 12 29 29 29 29 8 8 8 8 8 8 8 8 8 8 8 8 8 8 8 8 8 1 1 8 1 1 1 8 8 8 1 8 2 2 6 1 8
5 5 5 5 5 5 53 53 53 53 53 53 53 53 53 53 53 53 53 53 53 53 29 29 29 29 29 29 29 29 29 29 29 29 29 29 12 12 12 12 12 12 12 12 2 2 2 2 12 12 12 17 12 12 12 12 12 12 12 29 29 29 29 8 8 8 8 8 8 8 8 8 8 8 8 8 8 8 8 8 8 1 1 1 1 1 1 1 1 1 6 2 6 6 8 2
5 5 5 5 53 53 53 53 53 53 53 53 53 53 53 53 53 53 53 29 29 29 29 29 29 29 29 29 29 29 29 29 29 29 12 12 12 12 12 12 12 12 12 12 2 2 12 12 12 12 12 17 17 12 12 12 12 12 12 12 12 12 12 12 8 8 8 8 8 8 8 8 8 8 8 8 8 1 1 8 1 1 1 1 1 1 1 1 1 6 6 6 6 8 8 29
5 5 53 53 53 53 53 53 53 53 53 53 53 53 53 53 53 53 29 29 29 29 29 29 29 29 29 29 29 29 29 29 12 12 12 12 12 12 12 12 12 12 12 12 2 2 12 12 12 12 12 17 17 12 12 12 12 12 12 12 12 12 12 8 8 8 8 8 8 8 8 8 8 1 1 8 8 1 1 1 1 1 1 1 1 1 1 1 6 8 8 8 8 8 29 29
53 53 53 53 53 53 53 53 53 53 53 53 53 53 53 53 53 29 29 29 29 29 29 29 29 29 29 29 29 29 29 12 12 12 12 12 12 12 12 12 12 12 12 12 2 2 2 12 12 12 12 12 17 12 12 12 12 12 12 12 12 12 12 8 8 8 8 8 16 16 1 1 1 1 1 1 1 1 1 1 1 1 1 1 1 1 1 1 1 8 8 8 8 29 29 29
53 53 53 53 53 53 53 53 29 29 29 29 29 29 29 29 29 29 29 29 29 29 29 29 29 29 29 29 29 12 12 12 12 12 12 12 12 55 55 55 55 55 55 55 55 55 55 2 12 55 55 12 12 12 12 55 12 12 12 12 12 12 8 8 8 8 8 16 16 16 16 1 1 1 1 1 1 1 1 1 1 1 1 1 1 1 1 1 1 8 8 29 29 29 29 29
53 53 53 53 53 53 29 29 29 29 29 29 29 29 29 29 29 29 29 29 29 29 29 29 29 29 29 29 55 55 12 12 55 55 55 55 55 55 55 55 55 55 55 55 55 55 55 55 55 55 55 55 12 55 55 55 55 16 12 12 12 12 8 8 8 8 16 16 16 16 16 1 1 1 1 1 1 1 1 1 1 1 1 1 1 1 1 1 1 8 29 29 29 29 2 2
29 29 29 29 29 29 29 29 29 29 29 29 29 29 29 29 29 29 29 29 29 29 29 29 29 29 29 55 55 55 12 12 12 55 55 55 55 55 55 55 55 55 55 55 55 55 55 55 55 55 55 55 55 55 55 55 55 16 16 16 16 16 16 16 16 16 16 16 16 16 16 1 1 1 1 1 1 1 1 1 1 1 1 1 1 1 1 1 8 29 29 29 2 2 2 2
29 29 29 29 29 29 29 29 29 29 29 29 29 29 29 29 29 29 29 29 29 29 29 29 29 27 27 27 55 55 55 12 12 12 55 55 55 55 55 55 55 55 55 55 55 55 55 55 55 55 55 55 55 55 55 55 55 55 55 16 16 16 16 16 16 16 16 16 16 16 1 1 1 1 1 1 1 1 1 1 1 1 1 1 1 29 29 8 29 29 2 2 2 50 2 50
29 29 29 29 29 29 29 29 29 29 29 29 29 29 29 29 29 29 29 29 29 29 29 12 27 27 27 27 55 55 55 55 55 55 55 55 55 55 55 55 55 55 55 55 55 55 55 55 55 55 55 55 55 55 55 55 55 55 55 16 16 16 16 16 16 16 16 16 16 1 1 1 1 1 1 1 1 29 29 29 29 29 29 29 29 29 29 29 29 2 2 2 50 50 50 50
29 29 29 29 29 29 29 29 29 29 29 29 29 29 29 29 29 29 29 29 29 27 12 12 27 27 27 27 12 12 12 55 55 55 55 55 55 55 55 55 55 55 55 55 55 55 55 55 55 55 55 55 55 55 55 55 55 55 16 16 16 16 16 16 16 16 16 16 1 1 1 1 1 1 1 1 1 29 29 29 29 29 29 29 29 29 29 29 2 2 2 2 50 50 50 50
29 29 29 29 29 29 29 29 29 29 29 29 29 29 29 29 29 29 29 29 27 27 12 12 12 27 27 27 12 12 12 12 55 55 55 55 55 55 55 55 55 55 55 55 55 55 55 55 55 55 55 55 55 55 55 55 16 16 16 16 16 16 16 16 16 16 16 16 1 1 1 1 1 1 1 1 1 29 29 29 29 29 29 29 29 29 29 2 2 2 2 2 50 50 50 50
29 29 29 29 29 29 29 29 29 29 29 29 29 29 29 29 29 29 27 27 27 27 12 12 12 27 27 27 12 55 55 55 55 55 55 55 55 55 55 55 55 55 55 55 55 55 55 55 55 55 55 55 55 55 55 16 16 16 16 16 16 16 16 16 16 16 16 16 1 1 1 1 1 1 1 1 1 29 29 29 29 29 29 29 29 29 29 2 2 2 2 2 50 50 2 2
29 29 29 29 29 29 29 29 29 29 29 29 29 29 29 29 29 27 27 27 27 27 27 12 12 12 12 27 12 55 55 55 55 55 55 55 55 55 55 55 55 55 55 55 55 55 55 55 55 55 55 55 55 55 55 16 16 16 16 16 12 12 12 16 16 12 12 16 16 1 1 1 1 1 1 1 1 29 29 29 29 29 29 29 29 29 6 2 2 2 2 2 2 2 2 50
29 29 5 5 29 29 29 29 29 29 29 29 29 29 29 27 27 27 27 27 27 27 12 12 12 12 12 12 12 55 55 55 55 55 55 55 55 45 55 55 55 55 55 55 55 55 55 55 55 55 55 55 55 55 55 16 16 16 16 16 16 12 12 12 12 12 12 16 16 1 1 1 1 1 1 1 1 29 29 29 29 29 29 29 29 29 6 6 6 2 2 2 2 2 2 50
29 5 5 5 5 29 29 29 29 29 29 29 29 27 27 27 27 27 27 27 27 27 55 55 12 12 12 12 55 55 55 55 55 55 55 55 55 45 55 55 55 55 55 55 55 55 55 55 55 55 55 55 55 55 55 32 16 16 16 16 16 16 16 12 16 16 16 16 16 1 1 1 1 1 1 1 1 29 29 29 29 29 29 29 29 29 1 6 6 6 2 2 2 2 2 2
29 5 5 5 5 29 29 29 29 29 29 29 27 27 27 27 27 27 27 27 27 27 55 55 55 12 12 55 55 55 55 55 45 45 45 55 55 45 45 55 55 55 55 55 55 55 55 55 55 55 55 55 55 55 32 32 32 16 22 22 22 16 16 16 16 16 16 16 22 22 1 1 1 1 29 29 29 29 29 29 29 1 1 1 1 1 1 6 6 2 2 2 2 6 2 2
29 29 29 29 29 29 29 29 29 29 27 27 27 27 27 27 27 27 27 27 27 27 55 55 55 12 12 55 55 55 55 55 45 45 45 55 55 55 45 45 55 55 55 55 55 55 55 55 55 55 55 55 55 32 32 32 32 16 22 22 22 22 22 1 16 16 16 22 22 22 1 1 1 1 29 29 29 29 29 29 29 1 1 1 1 1 1 6 2 2 2 6 6 6 6 2
29 29 29 29 29 29 29 29 29 27 27 27 27 27 27 27 27 27 27 27 27 27 55 55 55 12 12 55 55 55 55 55 55 55 55 55 55 55 55 45 45 55 55 55 55 55 55 55 55 55 55 55 55 16 16 32 32 16 1 1 1 1 1 1 1 1 22 22 22 22 1 1 29 29 29 29 29 29 29 29 1 1 1 1 1 1 1 6 2 2 6 6 1 1 6 6
29 29 29 29 29 29 29 29 27 27 27 27 27 27 27 27 27 27 27 27 27 27 55 55 55 12 55 55 55 55 55 55 55 55 55 55 55 55 55 55 55 45 45 45 55 55 55 55 55 55 55 55 55 55 16 16 32 16 1 1 1 1 1 1 1 22 22 22 22 22 1 1 29 29 29 29 29 29 29 29 1 1 1 1 1 1 6 2 2 2 6 1 1 1 1 6
29 29 29 29 29 29 29 27 27 55 27 27 27 27 27 27 27 27 27 27 55 55 55 55 55 55 55 55 55 45 45 45 55 55 55 55 55 55 55 55 55 55 55 55 45 45 45 55 55 55 55 55 55 55 16 16 16 16 1 1 1 1 1 1 1 22 22 22 22 22 1 1 29 29 29 29 29 29 29 29 1 1 1 1 6 6 2 2 2 6 1 1 1 1 1 6
29 29 29 29 29 29 27 27 27 55 27 27 27 27 27 27 27 27 27 55 55 55 55 55 55 55 55 55 55 45 45 55 55 55 55 55 55 55 55 55 55 55 55 55 55 55 45 45 45 55 55 55 55 55 55 16 16 16 1 1 1 1 1 1 1 22 22 22 22 1 1 1 29 29 29 29 29 29 29 1 1 1 6 6 6 2 2 2 2 1 1 1 1 1 1 1
29 29 29 29 29 55 27 27 55 55 27 27 27 27 27 27 55 55 55 55 55 55 55 55 55 55 55 55 55 55 45 55 55 55 55 55 55 55 55 55 55 55 55 55 55 55 55 55 45 45 55 55 55 55 55 16 16 16 1 1 1 1 1 1 1 1 22 22 1 1 1 1 29 29 29 29 29 29 29 1 1 1 6 29 2 2 2 1 1 1 1 1 1 1 1 1
29 29 29 29 12 55 55 27 55 55 55 55 55 55 55 55 55 55 55 55 55 55 55 55 55 55 55 55 55 55 45 55 55 55 55 55 55 55 55 55 55 55 55 55 55 55 55 55 55 45 45 55 55 16 16 16 16 16 1 1 1 1 1 1 1 1 1 1 1 1 1 1 29 29 29 29 29 29 29 1 1 1 29 29 29 29 29 1 1 1 1 1 1 1 1 1
29 29 29 12 12 55 55 55 55 55 55 55 55 55 55 55 55 55 55 55 55 55 55 55 55 55 55 55 55 55 55 55 55 55 55 55 55 55 55 55 55 55 55 55 55 55 55 55 55 16 16 16 16 16 16 16 16 16 16 1 1 1 1 1 1 1 1 1 1 1 1 1 29 29 29 29 29 29 29 1 1 29 29 29 29 29 29 1 1 1 1 1 1 1 1 1
29 29 12 12 55 55 55 55 55 55 55 55 55 55 55 55 55 55 55 55 55 55 55 55 55 55 55 55 55 55 55 55 55 55 55 55 55 55 55 55 55 55 55 55 55 55 55 55 55 16 16 16 29 29 29 16 16 16 16 1 1 1 1 1 1 1 1 1 1 1 1 1 1 1 29 29 29 29 29 1 1 29 29 29 29 29 29 29 1 1 1 1 1 1 1 1
29 12 12 12 55 55 55 55 55 55 55 55 55 55 55 55 55 55 55 55 55 55 55 55 55 55 55 55 55 55 55 55 55 55 55 55 55 55 55 55 55 55 55 55 55 55 26 26 16 29 29 29 29 29 29 29 16 16 1 1 1 1 1 1 1 1 1 1 1 1 1 1 1 1 1 1 1 1 1 1 29 29 29 29 29 29 29 29 1 1 1 1 1 1 1 1
12 12 12 12 55 55 55 55 55 55 55 55 55 55 55 55 55 55 55 55 55 55 55 55 55 55 55 55 55 55 55 55 55 55 55 55 55 55 55 55 55 55 55 55 55 26 26 29 29 29 29 29 29 29 29 29 16 16 1 1 1 1 1 1 1 1 1 1 1 1 1 1 1 1 1 1 1 1 1 29 29 29 29 29 29 29 29 66 66 1 1 1 1 1 1 1
12 12 12 55 55 55 55 55 55 55 55 55 55 55 55 55 55 55 55 55 55 55 55 55 55 55 55 55 55 55 55 55 55 55 55 55 55 55 55 55 55 55 55 55 55 29 29 29 29 29 29 29 29 29 29 29 16 1 1 1 1 1 1 1 1 1 1 1 1 1 1 1 1 1 1 1 1 29 29 29 29 29 29 29 29 66 66 66 1 14 14 14 56 66 66 66
12 12 12 55 55 55 55 55 55 55 55 55 55 55 55 55 55 55 55 55 55 55 55 55 55 55 55 55 55 55 55 55 55 55 55 55 55 55 55 55 55 55 55 29 29 29 29 29 29 29 29 29 29 29 29 29 29 1 1 1 1 1 1 1 1 1 1 1 1 29 29 29 29 29 29 29 29 29 29 29 29 29 29 29 29 66 66 1 1 1 14 14 56 56 66 66
12 12 55 55 55 55 55 55 55 55 55 55 55 55 55 55 55 55 55 55 55 55 55 55 55 55 55 55 55 55 55 55 55 55 55 55 55 55 55 55 67 55 55 29 29 29 29 29 29 29 29 29 29 29 29 29 29 1 1 1 1 1 1 1 1 1 1 1 1 29 29 29 29 29 29 29 29 29 1 14 14 1 1 1 1 66 1 1 1 1 1 14 56 56 56 66
55 55 55 55 55 55 55 55 55 55 55 55 45 45 45 45 45 55 55 55 55 55 55 55 55 55 55 55 55 55 55 55 55 55 55 55 55 55 55 67 67 6 6 29 29 29 29 29 29 29 29 29 29 29 29 29 29 1 1 1 1 1 1 1 1 1 1 1 1 29 29 29 29 29 29 29 29 29 1 14 14 1 14 1 1 1 1 1 1 1 1 14 56 56 14 14
55 55 55 55 55 55 55 55 55 55 55 45 45 45 45 45 45 55 55 55 55 55 55 55 55 55 55 55 55 55 55 55 55 55 55 55 55 55 67 67 67 67 67 29 29 29 29 29 29 29 29 29 29 29 29 29 29 29 1 1 1 1 1 1 1 1 1 1 1 29 29 29 29 29 29 29 29 29 1 1 14 1 14 1 1 1 1 1 1 1 1 1 14 14 14 14
55 55 55 55 55 55 55 55 55 55 55 45 55 55 55 55 45 45 55 55 55 55 55 55 55 55 55 55 55 55 55 55 55 55 29 29 55 55 6 67 67 67 6 6 29 29 29 29 29 29 29 29 29 29 29 29 29 29 1 1 1 1 1 1 1 1 1 1 1 29 29 29 29 29 29 29 29 29 1 1 14 1 14 1 1 1 1 1 1 1 1 1 1 14 14 14
